reca/docs/data/PA5_1997_2017_CHCAS2_S30kmFill_U.asc
ncols 813
nrows 670
xllcorner 112.925
yllcorner -43.575
cellsize 0.05
NODATA_value -9999.0
[rows 480 to 527 of 670, columns 672 to 767 of 813]
1 3 10 12 14 11 10 12 3 8 8 19 15 19 12 6 10 7 1 -4 -3 0 -0 5 9 11 16 11 15 24 25 24 23 27 30 28 27 19 17 8 10 5 2 12 -0 0 10 14 37 54 57 49 53 63 69 63 50 50 53 66 61 53 39 43 27 28 19 23 8 8 -23 -24 -16 -4 -6 4 -10 -9 -16 -27 -39 -28 -32 -29 -35 -44 -61 -57 -39 16 32 24 -9999 -9999 -9999 -9999
6 1 4 4 14 8 8 11 11 13 13 20 17 16 12 9 8 1 -9 -12 -11 -9 -9 3 10 18 19 17 18 19 18 15 15 15 12 10 8 11 15 15 17 19 17 17 14 14 9 6 5 32 47 48 50 56 72 82 74 82 81 99 101 105 87 70 51 33 26 33 22 6 -0 8 6 11 9 4 11 6 7 -44 -48 -43 -45 -33 -21 -40 -38 -38 -5 43 -9999 -9999 -9999 -9999 -9999 -9999
-10 -9 -10 -5 2 -0 5 7 10 15 16 16 17 7 6 6 5 -1 -8 -5 -4 -8 -7 -2 2 10 13 16 20 16 19 14 13 10 -0 -9 -8 8 17 24 31 37 32 22 17 18 21 4 -10 5 23 36 39 54 73 78 94 102 98 105 104 100 101 92 78 61 50 44 48 55 -1 28 32 13 18 22 10 -4 1 -32 -37 -29 -25 -26 -10 -21 -20 -3 35 -9999 -9999 -9999 -9999 -9999 -9999 -9999
-10 -15 -14 -16 -7 -8 -7 1 11 7 11 8 8 6 -0 -7 -8 -2 -7 -3 3 -4 -2 -6 -0 0 -1 -1 3 8 8 6 1 -2 -9 -12 -8 3 9 26 29 22 30 19 16 13 17 4 3 13 15 33 43 47 67 79 91 90 90 82 75 73 81 83 82 77 78 69 61 22 8 24 39 28 39 34 49 5 2 5 2 5 -1 -7 -12 -9999 -5 28 -9999 -9999 -9999 -9999 -9999 -9999 -9999 -9999
-12 -12 -14 -10 -14 -5 -6 -2 7 9 7 7 7 4 2 3 -7 -7 -10 -3 -3 -7 -2 -0 -0 -3 -5 -5 -9 -5 -3 -0 -3 -5 -1 6 3 11 15 18 18 22 24 20 24 17 9 16 12 17 22 33 41 40 45 54 64 73 71 59 56 63 64 59 62 69 85 82 56 40 41 47 49 62 59 35 60 47 20 25 23 8 -6 11 -9 -14 25 47 -9999 -9999 -9999 -9999 -9999 -9999 -9999 -9999
-20 -16 -23 -16 -8 -7 1 3 7 9 6 4 2 0 5 7 -3 -6 -10 -6 -9 1 3 -2 -1 -5 -2 -5 -7 -11 -7 -3 1 3 8 15 21 16 18 14 15 18 23 23 20 14 11 11 8 6 5 7 17 31 35 39 42 56 49 52 56 51 47 32 43 50 61 67 58 70 71 69 58 49 45 55 49 85 47 27 26 26 15 11 -9999 14 41 -9999 -9999 -9999 -9999 -9999 -9999 -9999 -9999 -9999
-35 -33 -32 -25 -13 -3 -1 6 8 2 -0 1 2 2 -0 3 1 -5 -11 1 2 3 4 2 -8 -11 -4 -7 -6 -10 -8 -0 1 1 7 10 20 17 20 22 22 18 19 20 14 13 10 6 5 -14 -16 -10 -7 2 26 28 24 31 30 34 34 27 22 13 16 24 34 54 41 57 64 67 46 41 41 51 60 59 52 46 52 33 -9999 30 39 51 40 -9999 -9999 -9999 -9999 -9999 -9999 -9999 -9999 -9999
-28 -38 -32 -20 -9 -2 2 3 9 6 8 9 11 9 6 -0 0 1 9 9 13 14 9 -10 -20 -22 -14 -14 -14 -13 -13 -8 -2 2 10 12 12 12 19 21 22 19 15 14 7 7 9 4 9 -2 -4 -7 -7 7 12 16 17 12 15 9 3 -2 -1 5 5 2 6 9 13 19 37 34 33 29 41 47 44 38 49 62 47 41 32 44 49 77 49 -9999 -9999 -9999 -9999 -9999 -9999 -9999 -9999 -9999
-6 -4 -7 -5 2 -1 3 4 11 13 14 14 14 11 10 10 17 21 30 28 25 18 10 -2 -5 -8 -10 -8 -14 -11 -10 -8 -0 7 10 13 13 10 10 16 15 10 11 12 10 4 2 8 11 9 7 7 -3 -2 3 6 3 2 8 1 -6 -11 -7 3 4 -6 -5 0 12 -4 9 15 27 35 40 38 37 32 35 22 35 27 24 12 33 37 -9999 -9999 -9999 -9999 -9999 -9999 -9999 -9999 -9999 -9999
6 8 12 13 4 1 3 5 4 8 7 9 9 9 11 16 29 29 37 30 24 12 18 19 18 10 4 -4 -9 -12 -9 -7 -2 4 11 12 11 11 10 11 8 8 7 11 14 13 11 9 11 11 7 7 -6 -5 -4 3 6 0 2 -4 -6 -15 -20 -14 -19 -16 -13 -12 4 -15 -14 -5 4 17 -2 -4 -15 -14 -14 -9 -9 8 -3 15 12 13 -9999 -9999 -9999 -9999 -9999 -9999 -9999 -9999 -9999 -9999
8 9 15 5 4 3 1 3 4 -3 -1 1 3 9 11 15 17 23 23 15 15 19 16 -9999 14 14 2 -11 -12 -9 -7 -8 -9 -2 4 9 11 8 7 8 7 4 4 7 12 12 13 11 10 1 2 1 -2 -4 -5 -2 -0 -5 -1 -8 -9 -16 -23 -21 -35 -32 -33 -19 -6 -17 -23 -20 -20 -38 -45 -52 -51 -48 -45 -37 -21 -3 -1 5 -18 -14 -9999 -9999 -9999 -9999 -9999 -9999 -9999 -9999 -9999 -9999
8 7 4 5 -1 2 5 3 0 -3 -2 -0 3 8 11 11 11 11 14 17 17 -9999 14 12 10 2 -9 -15 -15 -10 -5 -6 -7 -8 1 2 4 6 6 4 1 0 2 1 3 8 9 14 11 3 9 9 9 2 -4 -8 -12 -15 -13 -10 -7 -12 -19 -15 -21 -22 -35 -17 -12 -19 -22 -31 -29 -52 -61 -63 -61 -40 -25 -18 -15 -0 18 13 -2 18 -9999 -9999 -9999 -9999 -9999 -9999 -9999 -9999 -9999 -9999
8 10 14 4 6 7 5 -1 -4 1 -2 -1 -0 2 9 7 5 7 11 10 14 17 13 5 6 5 -5 -11 -14 -4 -3 -5 -6 -2 1 -0 -1 -2 -3 -9 -12 -11 -9 -10 -6 -2 4 7 11 8 3 7 13 2 -7 -14 -13 -8 -16 -14 -10 -11 -12 -1 -5 -5 -27 -27 -28 -32 -38 -41 -37 -39 -61 -57 -53 -43 -17 -10 -25 -25 25 17 12 18 -9999 -9999 -9999 -9999 -9999 -9999 -9999 -9999 -9999 -9999
6 16 18 12 4 6 -1 -3 -14 -6 -6 -4 -9 -7 -2 2 3 1 2 3 7 5 6 7 -9999 10 5 9 1 2 -2 -0 -2 -3 -2 -3 -7 -11 -19 -28 -31 -22 -18 -17 -12 -5 -1 10 10 5 1 5 1 -7 -14 -17 -18 -10 -12 -15 -19 -20 -16 -3 -1 -7 -25 -33 -34 -42 -61 -54 -33 -36 -53 -51 -57 -61 -53 -41 -20 11 10 5 41 -9999 -9999 -9999 -9999 -9999 -9999 -9999 -9999 -9999 -9999 -9999
7 10 10 13 5 4 -3 -8 -11 -7 -12 -7 -8 -9 -11 -9 -9 -6 -5 -10 -8 -5 -1 -1 -9999 8 11 11 5 3 2 -3 -4 -4 -6 -8 -12 -17 -20 -25 -28 -31 -29 -34 -30 -15 -7 -0 12 18 13 1 -10 -16 -28 -27 -28 -26 -14 -12 -21 -29 -22 -11 -13 -16 -20 -21 -22 -38 -36 -30 -42 -33 -39 -39 -49 -53 -63 -12 4 -11 -38 -19 -9999 -9999 -9999 -9999 -9999 -9999 -9999 -9999 -9999 -9999 -9999 -9999
4 7 5 5 7 8 5 1 2 1 -0 -4 -5 -8 -12 -13 -14 -13 -11 -9999 -12 -8 -5 -1 -4 2 13 14 16 9 6 -0 -3 -6 -6 -12 -18 -24 -31 -48 -51 -53 -56 -57 -44 -31 -14 1 10 22 21 10 -5 -16 -26 -28 -39 -33 -28 -19 -20 -29 -13 -22 -27 -27 -10 -11 -9 -20 -12 -19 -12 -20 -20 -13 -26 -37 -45 -44 -49 -56 -53 -6 -9999 -9999 -9999 -9999 -9999 -9999 -9999 -9999 -9999 -9999 -9999 -9999
-0 1 8 9 7 9 11 11 12 3 3 -5 -7 -8 -13 -14 -15 -14 -9999 -12 -10 -9 -7 -1 1 1 1 2 11 -1 -1 -0 -4 -6 -12 -16 -18 -26 -42 -64 -84 -98 -94 -80 -62 -9999 -23 -13 -4 13 12 10 3 4 -5 -20 -31 -37 -38 -34 -34 -43 -26 -31 -34 -36 -24 -13 -21 -20 -12 -3 -21 -18 7 -12 0 -8 -10 -17 -33 -25 -35 -37 -9999 -9999 -9999 -9999 -9999 -9999 -9999 -9999 -9999 -9999 -9999 -9999
4 6 12 11 13 11 11 9 14 2 -5 -7 -7 -11 -11 -12 -14 -9999 -14 -12 -12 -10 -10 -5 -6 -9999 -5 -4 2 0 1 -3 -6 -8 -17 -20 -31 -42 -61 -84 -92 -98 -93 -76 -61 -49 -36 -27 -18 -8 -0 11 9 8 6 1 -17 -15 -37 -43 -46 -38 -38 -41 -37 -36 -27 -23 -31 -23 -5 0 -17 -1 9 0 22 1 0 -12 -17 -26 20 15 29 -9999 -9999 -9999 -9999 -9999 -9999 -9999 -9999 -9999 -9999 -9999
6 8 6 14 11 5 9 11 6 5 0 -3 -6 -7 -14 -9999 -16 -15 -15 -14 -12 -11 -14 -16 -12 -9999 -12 -7 -2 2 -0 0 0 -15 -20 -19 -29 -44 -61 -75 -57 -67 -9999 -69 -64 -62 -55 -36 -29 -17 -5 2 0 0 1 -10 -3 -9999 -15 -12 -21 -23 -31 -41 -48 -41 -34 -31 -34 -18 3 9 -14 18 1 3 16 15 10 2 -5 24 -9999 -9999 -9999 -9999 -9999 -9999 -9999 -9999 -9999 -9999 -9999 -9999 -9999 -9999
9 12 6 2 6 5 5 5 8 8 8 6 5 -4 -13 -18 -17 -20 -16 -14 -11 -12 -15 -19 -18 -16 -13 -14 -11 -6 -3 -6 -7 -13 -22 -31 -43 -64 -72 -79 -86 -66 -77 -86 -103 -85 -71 -50 -31 -18 -14 -9 -5 -12 -18 -19 1 -9999 -9999 -7 -21 -17 -36 -44 -54 -58 -47 -40 -26 -12 8 8 -16 -12 -18 9 12 21 21 22 45 52 63 -9999 -9999 -9999 -9999 -9999 -9999 -9999 -9999 -9999 -9999 -9999 -9999 -9999
12 9 4 7 4 6 4 4 5 7 8 8 -1 -3 -7 -11 -14 -15 -11 -12 -10 -10 -17 -16 -15 -12 -23 -20 -10 -15 -16 -15 -16 -10 -21 -31 -43 -55 -66 -72 -81 -79 -97 -82 -108 -91 -83 -55 -39 -34 -28 -22 -15 -19 -22 -22 -28 -9999 -9999 -56 -46 -38 -41 -38 -38 -35 -31 -25 -10 6 -3 -5 -10 -10 -3 17 21 35 40 57 105 112 93 -9999 -9999 -9999 -9999 -9999 -9999 -9999 -9999 -9999 -9999 -9999 -9999 -9999
9 9 9 9 6 3 2 3 4 1 1 -1 -1 -2 1 3 4 4 1 -3 -8 -10 -14 -15 -16 -17 -29 -36 -25 -23 -20 -29 -31 -33 -30 -27 -44 -61 -67 -66 -69 -90 -80 -60 -92 -78 -80 -68 -48 -44 -38 -37 -27 -24 -26 -38 -30 -9999 -48 -58 -45 -51 -40 -28 -15 -3 4 3 10 13 8 -7 0 1 24 25 38 39 56 99 127 -9999 -9999 -9999 -9999 -9999 -9999 -9999 -9999 -9999 -9999 -9999 -9999 -9999 -9999 -9999
9 7 9 5 1 2 1 2 0 -1 -2 -4 -5 -1 5 7 5 4 2 -3 -8 -14 -18 -15 -13 -21 -28 -30 -28 -24 -22 -30 -36 -42 -48 -46 -43 -56 -73 -74 -84 -92 -78 -46 -71 -71 -68 -55 -44 -41 -44 -45 -41 -39 -52 -53 -43 -48 -26 -34 -31 -30 -18 -18 8 25 23 22 25 29 28 1 9 17 21 30 38 52 73 130 -9999 -9999 -9999 -9999 -9999 -9999 -9999 -9999 -9999 -9999 -9999 -9999 -9999 -9999 -9999 -9999
16 9 7 5 2 1 -0 -1 -1 -1 -1 -1 0 -1 -1 -1 -8 -6 -6 -7 -9 -9 -11 -15 -12 -17 -31 -25 -21 -30 -29 -36 -46 -45 -49 -58 -61 -66 -72 -82 -94 -95 -83 -48 -56 -58 -52 -37 -33 -42 -48 -50 -52 -48 -74 -71 -66 -51 -41 -43 -37 -20 -9 -4 14 30 42 40 29 34 31 25 12 12 26 31 29 62 110 -9999 -9999 -9999 -9999 -9999 -9999 -9999 -9999 -9999 -9999 -9999 -9999 -9999 -9999 -9999 -9999 -9999
13 10 6 2 3 -1 -2 -2 -2 1 1 2 4 2 -1 -5 -6 -10 -9 -7 -3 -9 -12 -13 -14 -17 -32 -21 -20 -37 -49 -56 -56 -52 -65 -73 -83 -78 -74 -83 -81 -78 -69 -53 -38 -58 -56 -33 -40 -40 -45 -43 -44 -38 -60 -59 -54 -57 -52 -62 -50 -38 -21 1 31 44 46 43 41 40 6 12 5 20 29 36 46 50 -9999 -9999 -9999 -9999 -9999 -9999 -9999 -9999 -9999 -9999 -9999 -9999 -9999 -9999 -9999 -9999 -9999 -9999
10 8 5 4 2 -1 -2 -2 -1 -1 -2 0 -1 2 2 -0 -0 -3 -4 -9 -11 -17 -23 -30 -27 -28 -32 -39 -40 -60 -78 -85 -71 -85 -90 -87 -89 -73 -73 -67 -63 -54 -48 -56 -31 -63 -54 -54 -54 -47 -50 -45 -45 -43 -44 -46 -42 -50 -51 -59 -66 -52 -34 10 40 54 55 41 26 30 11 11 11 8 36 25 62 58 -9999 -9999 -9999 -9999 -9999 -9999 -9999 -9999 -9999 -9999 -9999 -9999 -9999 -9999 -9999 -9999 -9999 -9999
5 5 4 3 -0 -2 -3 -3 -3 -5 -6 -2 -1 -2 2 7 8 -1 -5 -14 -20 -26 -36 -36 -34 -35 -33 -41 -47 -77 -86 -84 -92 -91 -87 -86 -102 -76 -68 -57 -50 -35 -47 -51 -28 -58 -54 -68 -50 -65 -51 -49 -53 -53 -57 -56 -52 -42 -48 -51 -47 -32 -10 8 25 28 32 21 13 2 12 16 26 24 12 24 60 -9999 -9999 -9999 -9999 -9999 -9999 -9999 -9999 -9999 -9999 -9999 -9999 -9999 -9999 -9999 -9999 -9999 -9999 -9999
4 4 4 2 -0 -2 -3 -4 -6 -7 -6 -6 -4 -2 -3 -2 -1 -3 -16 -19 -25 -30 -46 -36 -39 -36 -31 -47 -48 -72 -83 -79 -82 -74 -72 -69 -78 -69 -43 -43 -34 -30 -30 -20 -34 -41 -52 -57 -64 -62 -50 -70 -73 -60 -59 -73 -69 -43 -50 -39 -38 -15 -5 7 -2 1 7 -6 -9 -6 8 18 25 29 10 59 57 -9999 -9999 -9999 -9999 -9999 -9999 -9999 -9999 -9999 -9999 -9999 -9999 -9999 -9999 -9999 -9999 -9999 -9999 -9999
2 1 1 1 -0 -3 -4 -4 -6 -8 -7 -5 -2 -3 -3 0 2 -1 -8 -8 -18 -37 -47 -45 -42 -53 -44 -53 -53 -62 -69 -75 -78 -80 -57 -62 -49 -48 -30 -37 -33 -26 -17 -14 -22 -33 -34 -65 -85 -82 -61 -79 -60 -71 -51 -59 -47 -65 -45 -43 -27 -25 -27 -18 -29 -36 -31 -25 -13 2 -0 13 17 14 14 52 56 -9999 -9999 -9999 -9999 -9999 -9999 -9999 -9999 -9999 -9999 -9999 -9999 -9999 -9999 -9999 -9999 -9999 -9999 -9999
4 2 1 -1 -4 -4 -5 -7 -7 -6 -6 -5 -4 -2 -0 1 -4 -7 -6 -16 -25 -45 -52 -57 -45 -59 -49 -35 -44 -42 -48 -61 -67 -64 -35 -41 -40 -25 -20 -11 -10 -4 -12 -17 -10 -27 -40 -53 -57 -70 -68 -51 -69 -59 -39 -33 -38 -52 -28 -30 -24 -14 -23 -39 -45 -44 -48 -30 -15 -19 3 8 13 16 32 66 -9999 -9999 -9999 -9999 -9999 -9999 -9999 -9999 -9999 -9999 -9999 -9999 -9999 -9999 -9999 -9999 -9999 -9999 -9999 -9999
4 2 -1 -3 -5 -5 -7 -10 -8 -7 -7 -6 -6 -6 -9 -11 -21 -26 -26 -36 -43 -55 -54 -55 -40 -35 -24 -15 -19 -16 -19 -33 -45 -50 -24 -11 -25 -19 -9 -1 2 1 0 4 -10 -11 -18 -31 -41 -64 -65 -67 -54 -63 -71 -48 -30 -26 -17 -28 -22 -22 -25 -38 -47 -45 -41 -20 -28 -8 -0 12 23 39 76 83 -9999 -9999 -9999 -9999 -9999 -9999 -9999 -9999 -9999 -9999 -9999 -9999 -9999 -9999 -9999 -9999 -9999 -9999 -9999 -9999
1 -1 -2 -3 -4 -4 -7 -8 -8 -8 -7 -14 -17 -18 -20 -26 -36 -42 -46 -52 -51 -56 -44 -31 -29 -21 -5 9 2 11 11 -3 -17 -22 -16 2 2 4 6 11 6 8 9 1 -7 -9 -16 -14 -33 -58 -67 -77 -51 -49 -51 -37 -22 -22 -20 -33 -29 -33 -38 -42 -46 -47 -50 -16 -32 -11 -4 4 28 49 91 -9999 -9999 -9999 -9999 -9999 -9999 -9999 -9999 -9999 -9999 -9999 -9999 -9999 -9999 -9999 -9999 -9999 -9999 -9999 -9999 -9999
-7 -7 -7 -7 -5 -5 -5 -7 -8 -12 -16 -23 -24 -24 -25 -30 -35 -47 -41 -45 -42 -38 -24 -18 -22 -23 -7 8 19 19 16 14 9 6 3 18 16 24 24 23 19 12 16 8 18 9 5 -5 -10 -33 -50 -48 -38 -22 -29 -32 -21 -6 -6 -27 -30 -24 -35 -53 -57 -63 -71 -42 -23 -8 7 11 27 -9999 -9999 -9999 -9999 -9999 -9999 -9999 -9999 -9999 -9999 -9999 -9999 -9999 -9999 -9999 -9999 -9999 -9999 -9999 -9999 -9999 -9999 -9999
-11 -10 -9 -8 -11 -12 -10 -11 -8 -20 -26 -26 -21 -23 -30 -38 -42 -53 -46 -47 -58 -50 -32 -18 -27 -15 4 9 23 21 24 35 29 29 18 23 21 27 29 39 21 18 20 18 30 31 21 21 4 -11 -5 -22 -19 -24 -15 -13 -9 -3 -1 -18 -12 -24 -27 -48 -54 -55 -51 -40 -17 2 2 34 39 78 -9999 -9999 -9999 -9999 -9999 -9999 -9999 -9999 -9999 -9999 -9999 -9999 -9999 -9999 -9999 -9999 -9999 -9999 -9999 -9999 -9999 -9999
-12 -16 -17 -15 -15 -15 -16 -13 -18 -15 -17 -22 -18 -22 -48 -58 -67 -72 -87 -85 -74 -73 -60 -33 -7 10 30 14 11 16 19 25 40 34 33 20 32 39 36 1 18 15 22 22 32 20 -4 28 11 15 11 -6 -7 -19 -9 -2 -6 -0 -5 -18 -11 -18 -24 -38 -39 -35 -28 -23 -19 5 15 49 75 -9999 -9999 -9999 -9999 -9999 -9999 -9999 -9999 -9999 -9999 -9999 -9999 -9999 -9999 -9999 -9999 -9999 -9999 -9999 -9999 -9999 -9999 -9999
-21 -21 -26 -24 -21 -19 -14 -19 -17 -14 -16 -22 -27 -40 -58 -74 -94 -88 -85 -77 -64 -52 -31 -19 12 20 23 18 7 12 14 28 37 34 36 37 42 40 10 8 5 14 10 31 37 9 29 24 21 23 25 23 12 6 6 1 -1 -6 -21 -36 -44 -30 -37 -27 -34 -38 -32 -15 0 6 14 54 -9999 -9999 -9999 -9999 -9999 -9999 -9999 -9999 -9999 -9999 -9999 -9999 -9999 -9999 -9999 -9999 -9999 -9999 -9999 -9999 -9999 -9999 -9999 -9999
-28 -30 -28 -27 -25 -22 -22 -14 -18 -22 -25 -19 -31 -29 -39 -36 -34 -27 -37 -23 -4 -11 11 9 12 15 8 22 19 40 38 46 36 33 41 43 42 13 4 3 18 23 32 27 30 7 30 56 26 18 35 13 11 22 18 15 5 -7 -14 -24 -37 -29 -46 -29 -26 -33 -26 -17 -15 12 25 30 -9999 -9999 -9999 -9999 -9999 -9999 -9999 -9999 -9999 -9999 -9999 -9999 -9999 -9999 -9999 -9999 -9999 -9999 -9999 -9999 -9999 -9999 -9999 -9999
-24 -30 -36 -35 -30 -32 -33 -33 -21 -22 -9999 -27 -19 -20 -7 -9 4 5 -9 -8 -10 -1 13 5 -2 -3 -3 13 29 47 32 28 26 28 42 37 41 12 18 -1 16 23 -9999 6 2 -9 -1 22 12 12 44 21 3 14 6 17 14 6 7 1 -12 -27 -34 -25 -20 -33 -33 -19 -10 14 8 22 -9999 -9999 -9999 -9999 -9999 -9999 -9999 -9999 -9999 -9999 -9999 -9999 -9999 -9999 -9999 -9999 -9999 -9999 -9999 -9999 -9999 -9999 -9999 -9999
-20 -31 -35 -34 -41 -42 -40 -36 -29 -18 -23 -9999 -10 -13 -3 -9 -4 -7 -21 -33 -19 -28 -26 -21 -9 -16 -6 -1 4 17 16 6 10 26 40 28 7 2 28 2 20 48 27 43 17 -4 2 0 10 40 47 15 -4 -6 3 1 0 -3 9 10 -2 -15 -17 -21 -23 -25 -20 -13 -9 7 17 -0 -9999 -9999 -9999 -9999 -9999 -9999 -9999 -9999 -9999 -9999 -9999 -9999 -9999 -9999 -9999 -9999 -9999 -9999 -9999 -9999 -9999 -9999 -9999 -9999
-33 -38 -43 -49 -38 -35 -34 -24 -24 -15 -9999 -2 3 -3 -5 -12 -7 -13 -32 -31 -17 -32 -45 -50 -20 -12 4 -9 -5 -13 -14 -3 8 18 10 6 2 11 6 12 20 -9999 -9999 -9999 -9999 1 6 3 25 36 20 34 -0 13 19 19 7 1 1 -7 -5 -17 -10 -8 -14 -12 -4 -10 5 10 1 -2 -9999 -9999 -9999 -9999 -9999 -9999 -9999 -9999 -9999 -9999 -9999 -9999 -9999 -9999 -9999 -9999 -9999 -9999 -9999 -9999 -9999 -9999 -9999 -9999
-30 -43 -38 -43 -47 -38 -25 -17 -18 -17 -13 -14 -4 7 2 10 8 11 1 -25 -23 -43 -24 -33 -29 -11 -3 -21 -31 -28 -24 -16 -3 8 -4 9 0 11 4 22 7 -9999 -9 -9999 -9999 -9999 1 4 18 0 18 28 -2 3 22 17 20 16 5 1 -1 -7 -12 -5 -4 -5 -0 8 10 -0 -5 -9999 -9999 -9999 -9999 -9999 -9999 -9999 -9999 -9999 -9999 -9999 -9999 -9999 -9999 -9999 -9999 -9999 -9999 -9999 -9999 -9999 -9999 -9999 -9999 -9999
-20 -33 -35 -35 -37 -52 -41 -23 -16 -24 -9999 -9 -3 -7 11 6 28 19 -2 -18 -44 -39 -21 -37 -45 -32 -40 -43 -41 -44 -39 -45 -20 -1 7 19 3 -27 3 29 26 -7 -15 -24 -9999 -3 0 11 17 -0 12 3 7 10 17 23 17 13 17 14 -3 -3 1 1 7 9 6 -0 7 -5 -16 -9 -9999 -9999 -9999 -9999 -9999 -9999 -9999 -9999 -9999 -9999 -9999 -9999 -9999 -9999 -9999 -9999 -9999 -9999 -9999 -9999 -9999 -9999 -9999 -9999
-22 -27 -24 -36 -40 -63 -52 -37 -35 -23 -17 -9999 -22 -26 -7 -2 -14 -0 -22 -34 -47 -49 -44 -70 -72 -77 -67 -63 -63 -77 -55 -57 -48 -25 7 -6 -1 -20 4 25 27 17 -8 22 1 16 29 23 17 23 22 24 23 16 23 25 24 8 15 9 1 -1 12 15 22 15 14 30 14 -0 -13 -31 -9999 -9999 -9999 -9999 -9999 -9999 -9999 -9999 -9999 -9999 -9999 -9999 -9999 -9999 -9999 -9999 -9999 -9999 -9999 -9999 -9999 -9999 -9999 -9999
-7 -18 -6 -14 -42 -43 -44 -38 -30 -35 -20 -20 -56 -68 -31 -34 -23 -46 -30 -30 -40 -56 -49 -79 -99 -108 -95 -97 -87 -92 -81 -66 -50 -32 9 0 6 -1 5 30 21 5 -3 -5 16 11 12 12 17 9 16 28 17 13 25 25 22 15 13 4 -12 -9 16 8 8 15 26 33 23 14 12 -6 -9999 -9999 -9999 -9999 -9999 -9999 -9999 -9999 -9999 -9999 -9999 -9999 -9999 -9999 -9999 -9999 -9999 -9999 -9999 -9999 -9999 -9999 -9999 -9999
12 11 12 14 -15 -33 -36 -23 -48 -69 -40 -40 -62 -78 -51 -60 -58 -46 -36 -27 -35 -23 -65 -64 -98 -78 -77 -91 -120 -97 -92 -68 -49 -28 -6 11 7 1 8 -3 16 12 7 4 -3 -4 3 2 -8 1 -6 1 17 18 19 34 17 14 -8 1 -5 2 2 10 15 18 34 44 36 6 8 -9999 -9999 -9999 -9999 -9999 -9999 -9999 -9999 -9999 -9999 -9999 -9999 -9999 -9999 -9999 -9999 -9999 -9999 -9999 -9999 -9999 -9999 -9999 -9999 -9999
13 10 8 -8 -44 -29 -39 -35 -77 -74 -49 -73 -79 -83 -77 -63 -68 -71 -46 -39 -29 -21 -42 -53 -72 -48 -81 -95 -94 -80 -67 -56 -39 -21 -13 -1 -10 19 18 17 14 -16 -6 4 5 -2 3 -5 -14 -1 -6 -4 10 18 24 44 20 15 2 11 8 11 7 23 26 24 43 43 22 18 -9999 -9999 -9999 -9999 -9999 -9999 -9999 -9999 -9999 -9999 -9999 -9999 -9999 -9999 -9999 -9999 -9999 -9999 -9999 -9999 -9999 -9999 -9999 -9999 -9999 -9999
2 7 -15 -29 -43 -43 -38 -46 -58 -68 -44 -70 -96 -85 -71 -71 -67 -70 -59 -42 -32 -47 -49 -51 -57 -50 -68 -82 -69 -34 -31 -47 -22 -12 -8 -8 5 11 15 -8 -23 -23 -16 3 -13 -8 0 3 -2 1 5 1 5 21 24 38 14 14 9 8 21 32 36 42 44 36 39 31 17 9 10 -9999 -9999 -9999 -9999 -9999 -9999 -9999 -9999 -9999 -9999 -9999 -9999 -9999 -9999 -9999 -9999 -9999 -9999 -9999 -9999 -9999 -9999 -9999 -9999 -9999
-6 -9 -17 -36 -29 -35 -27 -48 -44 -45 -50 -64 -91 -75 -64 -59 -49 -42 -42 -37 -35 -43 -42 -29 -44 -54 -57 -59 -36 -31 -16 -24 -11 -19 -1 5 16 -4 -15 -32 -17 -37 -19 -17 -1 3 4 -1 -9 -3 -0 0 5 6 16 27 25 10 3 26 34 30 40 51 54 44 36 25 23 31 -9999 -9999 -9999 -9999 -9999 -9999 -9999 -9999 -9999 -9999 -9999 -9999 -9999 -9999 -9999 -9999 -9999 -9999 -9999 -9999 -9999 -9999 -9999 -9999 -9999 -9999
