reca/docs/data/PA5_1997_2017_CHCAS2_S30kmFill_V.asc
ncols 813
nrows 670
xllcorner 112.925
yllcorner -43.575
cellsize 0.05
NODATA_value -9999.0
[rows 212 to 264 of 670, columns 384 to 479 of 813]
-10 -8 -7 -8 -7 -5 -3 0 0 -3 0 12 15 7 1 -4 -11 -8 -11 -14 -5 6 -4 -13 -0 -1 -0 -6 2 -14 -9 -6 9 15 11 18 14 2 -14 -17 -28 -31 -52 -43 -1 -33 44 48 24 29 13 22 11 1 -8 -18 -23 25 13 -2 -4 -9 -11 -10 11 14 -8 9 -15 -4 29 24 15 19 17 6 -3 -4 -7 -1 -6 -4 2 9 8 7 5 5 7 13 12 17 11 18 23 24
-7 -8 -3 -7 -9 -13 -13 -1 10 0 -3 2 9 11 1 -8 -5 -2 -6 -4 -17 4 3 -2 -10 -13 -2 -11 -1 6 8 3 11 10 5 15 15 6 4 -8 -22 -34 -37 -42 -44 -36 23 51 33 31 32 40 13 10 7 -11 -21 0 -2 -12 -13 -29 -9 14 13 11 -0 -4 -16 -11 20 15 12 19 19 13 -5 -5 2 -5 -9 -10 4 6 6 3 5 8 2 9 13 18 22 27 25 27
-1 -4 -2 -7 -9 -13 -28 -18 23 14 -1 0 -2 9 0 -10 -7 -9 -12 -1 -15 -3 2 -7 -5 5 3 -17 2 14 8 3 6 8 6 10 12 2 12 -2 -12 -20 -26 -29 -28 -48 -49 11 31 18 6 34 27 8 12 10 5 -13 -8 -20 -28 -31 7 10 8 5 -6 -10 -29 -21 1 4 8 20 10 14 8 4 -1 -6 -4 -6 -1 1 1 2 6 8 5 12 13 23 31 31 26 28
-1 -3 -1 -2 -8 -12 -23 -18 6 14 6 -1 1 -2 -4 -12 -10 -12 -16 -1 -10 -14 -10 -7 -13 -5 3 -13 -25 -5 5 2 -0 10 11 7 11 5 19 8 2 -12 -18 -20 -28 -35 -40 -25 5 -1 -15 -21 38 37 6 14 12 -3 -11 -15 -0 -3 -8 -7 -13 -17 -31 -20 -32 -43 -29 -6 9 19 22 16 14 -1 -7 -14 -3 -3 -1 -1 -2 -1 7 6 8 7 14 15 23 24 23 17
-3 -1 -9 -9 -8 -6 -13 -11 -3 -4 9 4 -2 -3 -6 -6 -12 -14 4 -3 -10 -16 -12 -7 -9 -11 1 -12 -20 -14 -11 -2 -1 9 16 8 10 27 24 10 12 4 -7 -19 -18 -25 -37 -35 -22 -11 -6 -28 -29 32 20 28 14 7 -6 -8 -6 -15 -22 -27 4 -28 -34 -9 -22 -14 -33 -8 -2 11 17 23 16 -1 -8 -14 -3 1 -3 -5 -0 5 11 7 6 9 11 15 22 21 13 3
-5 -0 -9 -11 -3 2 -6 -13 -3 -1 6 6 2 -3 -8 -6 -9 -16 -13 -10 -11 -10 -9 -4 -7 -8 -2 -11 -18 -12 -21 -11 3 5 5 11 17 23 24 15 19 26 11 -8 -20 -20 -32 -25 -10 -5 -8 -17 0 28 3 19 16 14 2 -3 -4 -10 -14 -2 -13 -19 -38 -4 15 -8 -33 2 -2 10 4 13 20 1 -12 -11 -2 3 -5 -6 -1 4 9 12 12 10 18 24 26 16 -2 -10
-4 -1 -7 -13 -3 0 -8 -11 -6 -3 -0 4 11 7 -1 -1 -4 -11 -12 -14 -7 -10 -2 5 4 -10 -4 -11 -8 -13 -19 -22 -16 7 -1 3 14 19 18 14 32 34 21 7 -9 -26 -18 3 -3 -0 -2 -9 -11 -10 44 22 1 16 12 3 -6 -8 -20 -27 -4 -27 -30 4 15 -2 3 -3 5 5 -2 5 18 3 -9 -11 -7 7 -6 -6 5 6 4 23 25 22 28 25 25 11 -18 -24
-6 -8 -5 -10 -6 -7 -5 -8 -5 -7 -9 -4 1 6 5 1 -1 -6 -9 -3 0 -2 1 1 -3 -5 -4 -9 -21 -8 -15 -20 -15 -1 4 1 7 8 21 10 31 42 19 12 -1 -12 -20 -26 -24 -8 -15 -15 -20 12 31 26 23 14 11 8 4 -2 -14 -25 -18 -26 -42 -55 -2 23 -2 2 15 14 -3 -6 11 -2 -13 -19 -5 -9 0 6 8 6 9 23 41 31 27 23 12 -6 -20 -31
-1 -3 -3 -7 -5 -9 -6 -8 -6 -11 -18 -6 12 2 -3 5 0 -10 -3 3 2 8 8 6 -1 -2 -9 -17 -31 -6 -5 -24 -6 -7 3 3 2 6 19 16 22 38 12 12 8 -4 -12 -17 -19 -22 -13 -12 -20 -27 -19 19 28 8 7 13 3 5 1 -19 -19 -17 -26 -49 14 26 4 0 8 11 3 -8 -0 0 -7 -14 -11 -26 -11 17 11 -4 11 17 45 41 32 15 5 -13 -36 -41
-1 2 1 -4 2 -2 -7 -11 -12 -20 -26 2 11 10 8 -2 -4 -8 -2 -2 6 7 6 -3 -1 -5 -10 -19 -27 -14 5 -17 -39 -5 29 25 8 -3 -2 21 42 29 19 17 11 0 -16 6 2 -11 -5 6 -7 2 -11 -20 -18 -3 -6 -2 3 6 -0 -1 -1 -9 -34 -18 2 -6 6 11 8 6 0 -12 -22 -10 10 8 -10 -22 -3 19 24 17 5 17 44 39 25 8 -6 -22 -43 -60
-0 -6 1 -3 2 -3 -8 -8 -10 -20 -9 7 6 10 -2 5 -3 -9 -5 2 10 4 8 -3 -1 -2 -13 -26 -25 -4 -0 -16 -27 -16 -2 28 21 -4 -14 -14 47 39 30 20 16 2 -12 16 13 6 -6 2 4 -0 4 -8 -12 -24 8 7 3 6 -1 -3 -9 -17 -22 -13 -14 -13 9 7 5 9 -1 -16 -18 -23 -4 17 -1 -25 -8 18 19 11 13 19 27 24 23 1 -10 -24 -56 -77
-2 -7 1 -0 -5 0 -9 -17 -10 -15 -4 5 -2 2 2 2 -5 -13 -12 -3 5 5 -9 -8 -10 -1 -9 -20 -14 -1 3 -12 -17 -6 3 -14 10 -0 -1 -6 16 32 29 33 19 3 -5 -2 18 19 14 1 1 0 -11 -20 -17 -9 -5 15 5 2 -0 -4 1 -22 -15 -19 -13 19 24 16 10 -6 -4 4 -10 -22 -5 -1 -1 -10 -11 5 13 5 13 23 18 5 0 1 -8 -32 -43 -70
-3 2 1 -1 -1 3 -10 -18 0 -2 7 -2 -13 -12 1 1 -7 -13 -11 -7 -10 -4 -13 -10 -13 -4 -10 -13 -11 3 5 -7 1 4 -1 -9 -15 3 6 -13 -23 26 35 40 26 17 3 -11 1 17 7 2 7 -3 -17 -24 -19 15 -5 -10 2 7 8 4 8 -1 -13 -12 -13 -19 -3 8 10 -4 -2 1 5 -15 -24 -8 -1 -3 -2 2 9 1 3 10 16 -3 -2 1 -19 -35 -60 -53
-2 6 4 4 2 -0 -8 -7 -2 -1 5 -1 -9 -9 -1 -2 2 -8 -5 -1 -10 -12 -13 -14 -15 -6 -4 -8 -2 1 1 -1 10 8 -11 -13 -8 -1 4 -17 -25 -39 16 24 27 18 9 -2 -8 -4 8 5 4 5 2 -17 -28 -31 -28 -12 -13 -25 -16 2 1 0 0 -10 -12 -21 -19 5 16 -4 0 5 -4 -4 -17 -14 -8 -6 -0 2 2 1 4 3 -4 -13 -11 -3 -22 -33 -62 -60
-2 -5 -2 3 9 1 -9 3 -3 -3 6 3 -0 -2 -0 -3 -18 -2 -3 -8 -12 -9 -8 -8 -1 -10 -8 4 5 4 7 -2 1 7 -9 -24 4 4 -2 -19 -25 13 25 33 25 14 11 1 -5 -4 1 1 -1 4 8 11 -11 -16 -15 -12 -16 -17 -0 9 -2 -14 4 -3 -5 -8 3 -10 6 6 4 -1 -10 -13 -11 -11 -9 -4 1 -2 0 -1 -3 -9 -15 -15 -20 -13 -25 -44 -52 -43
3 2 -0 -3 8 -0 -9 2 -1 -5 2 1 3 2 2 -7 -8 -13 -1 -13 -9 -10 -2 6 -12 -4 1 -1 5 -2 2 -3 8 -7 -18 -29 24 6 -8 -28 -24 -18 26 48 25 21 13 1 -1 -2 -5 -9 -1 -6 -10 6 9 1 -15 -15 -12 -10 -15 -7 -2 -1 18 -1 10 -5 -14 -21 11 15 6 -2 -6 -8 -8 -8 -7 -4 -5 -9 -2 -9 -9 -16 -14 -8 -9 -13 -28 -28 -33 -41
4 2 5 4 5 -6 -4 4 4 -3 1 1 7 3 1 -5 -8 -4 -11 -4 -11 -0 -4 -5 -5 -6 -2 5 7 2 1 -9 0 -7 23 -7 -14 7 -2 -20 -30 -21 -11 47 37 17 4 2 -2 -2 -1 -5 8 5 19 8 22 13 6 -2 -8 -15 -9 -12 -16 17 18 3 5 -1 -12 -20 1 6 -0 -3 -8 -8 -1 -8 -8 -9 -12 -11 -15 -12 -15 -13 -8 -7 3 -7 -16 -27 -26 -33
2 -0 5 2 -5 -14 7 3 15 6 6 2 4 12 1 -9 -7 -8 -9 -24 -26 -11 -11 3 -5 -2 3 1 6 -0 -7 -14 35 -15 2 8 -2 -3 -9 -26 -41 -1 5 47 36 23 21 8 -5 -10 -11 -15 -3 -4 5 14 16 10 2 -11 -12 -15 -14 -12 -11 5 10 8 4 11 -5 -11 4 3 -10 -6 -13 -11 1 -8 -14 -15 -11 -19 -17 -12 -17 -13 -16 -5 5 -5 -10 -16 -26 -22
1 -0 -0 -4 -7 -18 8 5 1 9 14 11 18 20 8 -5 -11 -9 -12 -7 -18 -21 -6 -9 3 2 10 6 -8 -2 -9 -20 15 26 25 15 11 12 -3 -28 -4 22 22 45 33 19 24 19 13 -3 -13 -27 -16 -0 15 15 18 15 7 -8 -4 -15 -16 -6 -3 -1 13 8 13 13 8 5 4 -2 -14 -8 -12 -12 -9 -14 -20 -23 -19 -18 -11 -13 -10 -12 -20 -5 4 -1 -10 -10 -16 -19
1 -1 -2 -7 -8 -12 -19 -6 11 3 23 23 20 14 13 1 -3 -13 -12 8 -13 -20 -13 -17 8 -1 6 4 -4 5 17 6 30 -2 30 14 15 12 -7 2 -25 -14 28 49 37 23 33 24 8 -12 -21 -13 -9 9 16 9 24 20 11 -4 -13 -12 -10 -10 -6 0 3 5 17 19 13 6 3 -7 -11 -10 -18 -12 -14 -13 -25 -21 -15 -14 -16 -19 -5 -3 -11 -8 -6 -3 -4 -6 -13 -23
-1 -3 -6 -9 -15 -16 -14 -12 -6 7 26 29 31 18 13 9 0 -12 -14 -2 -11 -22 -22 1 8 -6 8 -3 -11 -24 -1 -3 -13 20 43 16 -5 13 25 37 2 -8 31 42 37 33 28 23 5 -9 -11 -6 -13 -3 16 4 29 20 6 1 -8 -16 -14 -9 -4 5 11 14 9 14 14 10 -2 -7 -14 -14 -19 -17 -17 -15 -20 -20 -19 -21 -30 -15 -3 5 1 -1 -7 -6 3 2 -4 -23
-2 -2 -7 -10 -18 -18 -17 -15 -1 14 26 32 33 22 11 7 -3 -5 -5 -12 -11 -15 -30 -36 12 -2 18 6 -7 -28 -30 -22 -36 -19 29 38 6 -9 -8 27 24 4 -3 28 31 18 17 17 4 -5 -5 -15 -13 -6 4 17 26 13 4 -6 -10 -16 -21 -10 -2 6 17 20 16 9 10 10 5 -3 -12 -16 -21 -15 -12 -19 -18 -23 -25 -23 -15 -13 -3 10 7 3 -0 -2 -1 1 -2 -16
-5 -0 -10 -22 -30 4 -12 5 17 7 -6 6 14 38 24 15 2 -7 -9 -18 -18 -25 -22 -41 -10 -0 -1 10 -10 -19 -30 -30 -24 -26 -3 21 26 22 19 21 32 8 -1 -6 18 7 -6 11 15 -1 -10 -10 -16 -9 -2 6 22 11 7 1 -6 -14 -14 -5 1 3 10 19 22 17 10 6 -1 -13 -15 -16 -22 -18 -10 -10 -21 -26 -20 -13 -11 -2 -4 -1 1 -4 -2 -4 -4 3 1 -8
-17 -10 -6 -22 -35 25 20 -0 8 3 -6 0 16 35 27 13 5 -3 -12 -22 -15 -4 -18 -27 -29 4 1 19 -10 -18 -21 -40 -30 -23 -1 29 22 7 47 30 27 11 2 11 8 4 8 12 10 6 2 -10 -11 -11 -8 2 19 16 13 0 5 1 1 -0 -1 -2 11 14 21 15 12 5 -5 -8 -16 -21 -30 -24 -15 -20 -14 -23 -16 -3 3 -2 -4 -2 -3 -2 3 4 -1 -0 4 -3
-17 -21 -17 -8 -5 -22 9 12 3 11 30 19 41 10 26 14 14 10 -5 -22 -35 -8 -13 -24 -40 -4 -8 -12 -10 -8 -21 -43 -33 -16 2 14 24 26 42 43 32 21 15 17 18 7 -1 7 8 -4 5 2 -5 -6 14 5 1 -1 11 2 6 8 5 0 2 11 9 11 16 13 6 2 -10 -15 -19 -29 -37 -28 -5 -2 0 -9 -8 -4 -0 -0 -1 -3 -4 -0 3 -1 -3 -0 0 -1
-14 -23 8 11 9 -3 -18 -8 26 10 12 32 37 31 30 15 8 16 7 -6 -33 -28 -17 -20 -20 -11 -5 -2 -11 -13 -8 -39 -41 -11 10 7 11 31 38 30 30 27 26 19 8 1 -1 -1 13 7 7 -2 -1 5 12 -5 -6 -17 -9 -12 -8 2 10 6 1 8 13 12 5 5 1 -10 -17 -20 -18 -28 -41 -11 17 6 3 -4 -3 -6 -7 -2 -3 -3 -4 -1 0 3 -3 -4 -1 3
-9 -17 -8 7 9 1 11 -9 -7 18 5 -3 14 40 26 26 10 4 8 -3 -13 -35 -30 -28 -15 -21 -5 -3 -9 9 -5 -14 -20 -27 4 2 4 18 39 24 10 2 15 22 -3 1 -1 1 11 9 18 6 -8 4 9 3 6 5 3 -8 -14 -4 0 10 6 5 12 11 3 4 -7 -12 -17 -19 -22 -38 -22 18 26 11 5 -2 -1 -6 -7 -7 -8 -3 -2 -1 -5 -1 -2 7 1 -6
-1 -8 4 1 14 3 -6 4 -7 -23 10 18 8 1 34 24 19 -8 4 -2 -18 -18 -26 -26 -18 -17 -0 2 9 5 8 -2 -4 -2 -8 -2 6 16 28 22 18 25 11 17 -6 2 4 -5 13 9 4 2 -2 1 8 16 12 13 7 -1 -1 -5 -9 8 9 3 9 9 2 4 -3 -11 -21 -24 -37 -41 -3 23 19 16 8 -4 -2 -8 -13 -13 -4 -5 -8 -8 -9 1 -1 6 1 -5
2 1 -11 -7 11 -1 -15 -18 2 -6 -1 -7 20 6 6 26 14 0 7 -8 -1 -13 -25 -29 -24 -22 -18 7 17 9 2 -1 -1 11 -11 -8 6 16 7 1 0 5 11 7 -6 -4 15 5 14 8 8 -3 3 8 -2 8 11 5 8 8 0 -6 -9 -7 8 -1 3 2 -3 1 -6 -11 -25 -32 -45 -25 1 11 16 22 3 -0 -0 -10 -5 -1 -4 -5 -7 -12 1 9 13 11 -0 -6
11 1 -2 1 -7 1 -7 -19 -6 28 13 -6 -4 3 11 -5 21 10 -14 -22 -13 -17 -23 -18 -11 -3 -5 1 6 14 0 -5 -19 20 -1 3 8 6 5 -3 -4 -8 12 10 -1 -10 -5 5 1 3 8 7 -1 6 6 3 3 13 9 3 -0 -11 -14 -4 -6 3 -3 -8 -8 -10 -2 -17 -33 -35 -28 1 4 -1 10 12 5 0 -7 -11 -0 -11 -5 -1 -4 -5 3 12 18 11 3 -1
-5 -6 10 5 -4 5 -2 -2 -18 -21 16 24 9 12 8 3 -15 8 23 -7 -6 -6 -18 -18 12 23 13 -2 -4 27 15 6 1 25 17 8 8 6 6 -5 14 4 3 3 3 5 -4 -2 3 11 11 3 4 -1 7 8 -1 -2 4 -3 -5 -6 -8 -5 0 -1 -6 -11 -17 -10 -11 -25 -34 -12 -2 6 1 -15 -1 16 10 -1 -10 -9 -12 -3 1 -6 -1 -0 9 10 13 9 1 -4
-2 -4 1 2 -6 -9 -2 -3 -11 -15 -16 19 19 30 14 -4 -10 -39 18 22 7 -6 -24 -6 28 27 17 1 -12 10 28 23 29 26 17 17 8 -7 -5 -7 -10 -16 -32 13 16 7 3 -3 4 5 14 7 4 -4 -7 -3 -9 10 11 -10 -9 -8 -17 -8 -6 -6 -7 -2 -18 -5 -18 -24 -20 -10 -6 5 -1 -0 25 14 6 -4 -10 -16 -17 -11 0 -4 -6 -4 -2 3 8 6 2 -8
-4 -4 -11 2 -4 -9 2 -5 -2 -4 0 -17 29 19 14 -1 -24 -25 -37 -12 5 6 -7 -3 12 32 24 9 -5 5 3 22 20 17 22 18 9 7 3 -5 -9 -17 -31 5 5 -0 -0 2 4 22 2 6 3 1 2 -2 -12 -15 -0 3 13 4 -17 -14 11 4 6 7 -7 -13 -13 -20 -12 -3 -2 -10 -12 14 17 8 -0 -2 -7 -13 -1 4 1 1 1 -6 -3 -11 -4 5 -1 -8
-5 -9 9 2 -14 0 -1 3 -1 2 3 -7 -19 20 21 7 -8 -8 -21 -47 -52 -1 1 12 -3 30 30 16 6 7 -1 13 3 1 8 17 14 5 0 -12 -12 -24 -17 -4 -10 -6 -6 -4 -0 8 21 11 8 3 7 0 -6 -6 -12 -22 -21 3 -5 23 39 25 19 7 -1 -21 -14 -17 -6 -4 -12 -7 6 10 10 5 -6 -3 -10 -2 4 4 -3 -2 -3 2 -3 -11 -4 -3 -7 -13
-7 -20 -4 3 4 6 4 10 2 19 24 10 -7 -5 -0 16 -0 -10 -22 -2 8 5 -1 12 6 37 34 22 27 14 0 2 6 -6 -2 10 14 7 -10 2 -2 -20 -13 -8 -6 -8 -11 -12 14 3 7 17 11 10 8 -4 -12 -12 -3 -13 -22 -0 -14 -19 40 27 18 25 8 -11 -22 -12 -13 -8 -8 -7 0 10 8 2 -3 -6 -5 -0 5 8 2 -1 -2 -6 -5 -10 -3 -5 -4 -9
-8 -12 3 20 11 -5 -10 -3 -8 8 21 17 19 27 7 1 1 0 -15 -18 -31 -7 -19 -22 -4 45 42 29 40 33 14 0 -2 7 0 -10 -6 8 -4 6 -10 -17 -32 -24 -1 -7 -5 -15 11 5 13 14 0 -0 2 -5 -11 -16 2 -14 -22 -23 -15 -24 -1 40 2 27 14 2 -14 -22 -7 -10 -11 -8 -5 6 4 1 -1 -8 3 -9 7 9 4 -1 -0 1 -4 -6 -6 -5 0 2
-8 -6 -9 -6 -5 -13 -5 -4 -16 -19 -3 27 18 25 22 17 11 2 -7 -23 0 -1 -31 -44 -9 42 52 36 28 27 24 10 -5 -7 -8 -22 -17 15 4 5 -5 -24 -30 -14 7 -11 -4 -6 6 -5 1 20 3 -2 3 2 -10 -11 -10 -17 -20 -2 -14 -19 -23 30 -16 13 25 13 -8 -20 -18 -16 -5 -2 -12 -3 1 1 0 -6 -12 -10 2 22 14 6 0 -4 -7 -16 -11 -12 -6 -6
-4 -4 -11 -10 -10 -7 -0 -4 25 32 19 4 -1 -16 -20 -4 5 4 16 -2 -28 -15 -27 -57 -18 37 51 33 26 30 31 16 -2 -13 -14 -19 -22 -4 -18 -5 2 -6 -18 -21 -3 -13 -4 -12 -9 -2 -5 6 3 4 12 8 -6 -8 -10 -16 0 -0 -13 -17 -34 -33 -15 3 25 17 0 -8 -16 -23 -25 -4 -7 -8 -0 7 1 -10 -9 -21 -27 -1 23 10 -3 -11 -17 -25 -13 -1 -11 -16
-2 -5 -11 -19 -17 -12 -2 2 -3 1 21 6 -3 -10 -14 -8 -12 -4 4 8 4 -16 -19 -36 -3 6 26 32 -17 33 38 24 2 -10 -11 -14 -5 -14 -14 1 17 -12 -8 -8 -11 -14 -0 -9 -6 -9 -5 1 -5 2 5 3 -7 -13 -14 -15 -4 -6 -5 -12 -23 -2 -2 15 12 2 2 -4 -17 -27 -18 4 -4 -6 -1 1 -0 -2 -12 -20 -3 10 18 6 -3 -13 -23 -33 -15 -5 -10 -6
-9 -13 -19 -21 -22 -9 -4 4 14 8 19 11 8 2 -11 -3 3 -12 -12 11 9 9 4 -22 -14 -10 -13 3 -7 32 32 34 11 -1 -9 -16 -1 -1 -2 -23 12 -10 -16 -14 -8 -5 1 -4 -2 -12 5 8 0 17 5 8 -3 -12 -11 -18 -2 -1 -0 -18 -9 28 5 4 -3 9 7 -5 -18 -6 4 -2 -16 2 -2 1 -2 7 -17 -6 1 16 10 4 -10 -14 -21 -39 -31 26 16 3
-13 -21 -23 -26 -25 -15 -4 -2 18 18 20 20 20 9 -8 -7 -4 -13 -15 -8 -8 -13 -0 8 -3 -21 -25 -23 -30 -30 5 30 15 7 2 1 2 -4 -12 -13 -16 -28 -29 -7 -9 -16 -1 -2 -0 -12 1 -7 -3 10 -6 9 3 -4 -4 -11 -2 4 3 10 12 19 -0 13 19 -1 7 3 -0 -1 0 -3 -19 6 13 2 0 -6 -6 4 1 -5 5 -1 -12 -22 -23 -32 -31 47 17 5
-8 -18 -17 -21 -19 -13 2 13 2 12 27 27 13 16 4 8 3 -3 -1 13 5 14 6 3 11 8 3 8 10 24 31 16 10 3 1 -0 7 2 -10 -13 -20 -35 5 -1 -17 -15 -0 1 -4 -7 8 5 -6 -9 -8 8 5 -3 -6 -4 -5 3 18 13 -5 -2 -0 -5 -4 -6 -1 3 0 3 2 -5 -9 0 -1 5 -2 -5 13 -2 -10 -4 -7 -8 -19 -26 -27 -38 -29 43 16 14
-11 -25 -13 -13 -34 -31 -9 13 28 28 28 17 19 18 6 -5 -0 4 5 3 -10 11 12 22 11 -7 -16 -15 -20 -18 6 -6 -6 6 8 15 10 8 -3 0 -19 -15 3 4 -6 -18 -11 -8 -11 -18 0 1 -0 -11 -3 2 -6 -7 -9 -8 -13 1 22 16 12 9 9 3 -13 -8 -10 -6 -9 -10 -2 -1 4 -7 8 6 4 3 4 -3 -12 -5 -11 -11 -18 -27 -23 -26 38 45 24 12
-14 -31 -25 -8 -28 -20 -24 -8 24 40 31 17 22 21 22 18 3 10 10 9 -2 -8 -8 3 9 13 3 4 9 6 8 -7 -18 6 14 5 -0 -2 -2 -6 -28 6 -6 -3 4 -17 -17 -8 -17 -25 2 -6 -10 -14 -9 -8 -7 -3 -1 -3 -11 -3 21 38 27 19 17 8 -0 -2 -4 -5 0 -3 -13 -11 -2 -9 -4 6 5 0 -8 -4 2 -0 -8 -19 -26 -27 -25 -20 40 45 30 15
-20 -29 -20 -10 -18 -24 -16 -15 4 33 25 11 13 20 9 0 3 -2 10 6 10 3 -1 6 7 1 9 13 8 -3 4 -17 -18 14 6 -6 -7 2 -0 -9 -15 -10 7 0 -7 -3 -10 -14 -7 -9 -7 -15 -15 -12 -3 3 4 1 -1 -1 -14 -2 22 31 30 21 20 16 9 1 -5 2 2 -1 -7 -5 -5 -8 -5 -1 6 -0 -12 -20 -15 -4 -9 -19 -23 -22 -17 -16 15 52 36 21
-23 -28 -18 -3 -6 -12 -17 -10 3 8 15 14 23 21 1 1 4 11 13 2 4 4 7 6 3 8 1 1 3 2 -7 -17 -23 -2 -2 -12 -5 -5 -11 5 -5 -10 7 -3 -1 -8 -16 -9 -5 -17 -16 -15 -22 -4 -1 1 2 7 14 13 3 6 21 30 27 13 26 12 9 6 1 -0 -3 -0 1 -0 -6 4 1 1 2 -2 -8 -5 -10 -8 -12 -17 -22 -25 -27 -14 10 22 38 31
-21 -20 -19 -7 -2 -9 -3 1 4 16 10 9 15 12 2 2 -9999 1 9 3 0 7 -5 4 4 -1 -9 -9 -0 -6 -18 -22 -19 -9 23 2 9 16 -1 -4 2 22 14 -4 -7 -17 -18 -4 -16 -20 -13 -12 -11 -4 -5 -8 10 18 7 -12 19 9 6 12 24 27 22 23 15 7 12 6 -7 -5 -2 -13 -11 2 -1 4 2 0 -9 -16 -10 -9 -16 -18 -21 -24 -20 -18 4 12 8 33
-17 -6 -9 -9 -3 -4 -6 7 23 18 10 -0 16 14 -6 -0 -2 -4 9 4 1 11 7 4 -1 -8 -14 -14 -1 -10 -17 -20 -19 46 35 5 13 14 14 2 -4 5 -7 -9 -9 -20 -12 -19 -21 -10 -12 -7 -6 -4 2 10 15 12 -3 9 20 -7 2 -13 -18 31 24 28 23 20 7 2 -3 -9 -6 -6 -13 -10 -6 3 4 -6 -6 -2 -7 -11 -13 -17 -22 -21 -13 -2 -1 4 3 28
-5 2 1 4 -2 -3 -3 5 13 11 11 11 13 11 -3 8 2 2 14 13 8 15 11 0 -2 -3 -11 -4 -7 -19 -17 12 -14 15 32 26 16 15 9 7 7 9 -3 -11 -14 -17 -12 -12 -15 -13 -3 2 6 11 7 -3 2 12 13 16 19 15 -2 -30 -28 12 32 23 21 17 12 1 -3 -12 -15 -10 -14 -11 -9 -10 -5 1 0 -8 -9 -11 -15 -14 -16 -19 -5 6 6 5 4 8
4 -0 14 9 -2 -4 -4 7 9 -0 3 6 8 8 8 12 10 19 14 22 30 22 13 2 -8 -10 -14 -6 -6 -7 -19 -21 -7 -12 -15 18 11 19 5 4 20 19 -3 -18 -7 -15 -20 -14 -4 -2 -3 4 5 11 5 -7 -0 24 13 -11 5 -6 -12 -20 -30 10 36 34 29 19 11 -2 -1 -10 -19 -20 -17 -11 -7 -10 -17 -3 6 -2 -13 -11 -11 -9 -11 -20 0 11 5 4 2 5
0 3 13 9 1 -2 -3 -6 -8 -8 1 8 16 9 3 6 12 19 15 24 28 24 18 10 3 -3 -15 -15 -9 -8 -2 -12 -25 -8 23 22 8 17 15 15 16 11 -5 -18 -14 -13 -23 -19 -8 5 1 5 13 16 6 3 4 21 9 -1 -6 -10 -23 -33 -39 10 29 35 32 25 9 2 -8 -12 -14 -21 -29 -14 -4 -9 -17 -19 4 3 -5 -8 -11 -8 -8 -10 0 9 5 3 3 -2
-3 -3 7 1 3 1 -4 -16 -18 11 -1 -6 4 13 1 5 12 20 16 6 29 25 20 15 3 0 -9 -11 1 1 -4 -11 5 5 -8 -11 -1 -9 -5 16 10 1 -12 -9 -3 -19 -15 -14 -9 -0 5 -1 2 -1 14 7 -6 7 -2 -0 11 -4 -14 -33 -32 -37 12 16 24 25 13 9 -1 -5 -7 -17 -24 -16 -5 -12 -15 -15 -7 -4 -2 -1 -6 -7 -11 -14 2 7 5 2 7 1
-15 -3 -10 2 -16 -12 -6 -10 -16 12 2 -5 -4 -7 -17 -28 -15 9 1 -15 13 30 27 15 17 9 5 8 -2 1 6 13 21 14 9 21 22 12 11 -2 10 1 -11 -15 -12 -6 -10 -3 -1 -1 -3 -15 -14 -21 6 1 -1 -3 -14 8 4 -13 -27 -18 -41 -19 22 23 29 23 16 13 7 4 -2 -8 -15 -22 -18 -11 -8 -9 -13 -7 -8 -6 -1 -2 -6 -13 -3 6 3 1 2 2
