reca/docs/data/PA5_1997_2017_CPRISTINE_S30kmFill_V.asc
ncols 813
nrows 670
xllcorner 112.925
yllcorner -43.575
cellsize 0.05
NODATA_value -9999.0
[rows 318 to 370 of 670, columns 0 to 95 of 813]
-9999 -9999 -9999 -9999 -9999 -9999 -9999 -9999 -9999 -9999 -9999 -9999 -9999 77 -17 -90 -9999 -9999 -9999 -9999 -9999 -9999 -9999 -9999 -9999 -9999 169 42 66 42 39 51 36 19 8 -4 4 -9 -13 -15 -30 -31 -9 -25 -21 -21 8 -14 -25 -21 -22 -29 8 42 36 22 14 12 7 9 -10 -15 13 5 14 22 21 17 6 -9 -14 -14 -28 -15 11 4 -11 -15 -8 -4 -8 -19 -15 -10 -10 -17 -5 -1 -4 -0 -1 -14 -9 8 6 3
-9999 -9999 -9999 -9999 -9999 -9999 -9999 -9999 -9999 -9999 -9999 -9999 -9999 118 -36 -9999 -9999 -9999 -9999 -9999 -9999 -9999 -9999 -9999 -9999 -9999 189 103 67 0 15 58 39 16 6 8 7 -7 -12 -13 -26 -28 -21 -24 -23 -24 -3 -14 -24 -26 -40 -37 54 35 32 21 21 18 9 4 -2 1 5 3 -2 13 2 9 1 -7 -15 -17 -28 5 5 -8 -16 -13 -15 -11 -17 -21 -12 -14 -13 -17 -2 -10 -8 -12 -10 -15 11 10 6 7
-9999 -9999 -9999 -9999 -9999 -3 -9999 -9999 -9999 -9999 -9999 -9999 -9999 -9999 -1 -9999 -9999 -9999 -9999 -9999 -9999 -9999 -9999 -9999 -9999 -9999 154 119 89 6 -5 29 44 17 -6 25 14 -1 -15 -21 -25 -24 -19 -24 -15 -9 -13 -15 -18 -27 -33 10 41 27 27 22 27 4 2 -4 12 15 -2 6 -7 2 3 11 -4 -15 -14 -21 -11 3 6 -9 -10 -16 -20 -23 -23 -17 -13 -9 -7 -4 -4 -10 -0 -5 -11 13 9 7 0 1
-9999 -9999 -9999 -9999 -9999 -9999 -9999 -9999 -9999 -9999 -9999 -9999 -9999 -9999 -9999 -9999 -9999 -9999 -71 -9999 -9999 -9999 -9999 -9999 -9999 -9999 -9999 117 39 21 1 -4 60 16 -9 21 16 3 -11 -20 -20 -11 -20 -19 -9 -12 -21 -2 -15 -29 -40 -28 33 7 32 20 23 7 2 -2 7 2 5 -3 -18 -13 1 3 -2 -7 -10 -11 -4 3 -0 -11 -9 -12 -18 -20 -10 -17 -21 -20 -13 -9 3 9 4 -9 -9 -5 -7 -2 -0 1
-9999 -9999 -9999 -9999 -9999 98 12 -9999 -9999 13 -9999 -9999 -9999 -9999 -9999 -9999 -9999 66 -4 -115 -9999 -9999 -9999 -9999 -9999 160 172 93 37 8 19 -36 7 10 -11 28 15 7 -3 -16 -23 -10 -17 -22 -18 -16 -14 -15 -16 -31 -34 -37 -39 7 37 21 24 9 2 -6 6 2 7 -2 -8 -18 -3 2 -9 -15 -15 -30 -8 -2 -3 -8 -10 -12 -20 -8 -13 -22 -15 -9 -9 -2 1 -1 -3 -9 -12 -6 10 12 2 -1
-9999 -9999 -9999 -9999 -9999 -9999 58 -9999 -9999 -25 -9999 -9999 -9999 -9999 -9999 -9999 -9999 65 20 -42 -9999 -9999 -9999 -9999 -9999 -9999 148 72 36 8 21 26 5 0 14 33 12 3 0 -13 -26 -13 -25 -8 -13 -13 -17 -7 -18 -34 -33 -42 14 38 43 29 20 5 -1 -6 -0 -0 -9 -5 -12 -13 -18 -6 -7 -13 -17 -29 -11 13 2 -13 -8 -14 -19 -14 -15 -6 -9 -15 -10 -9 2 1 -6 -6 -2 -2 0 7 3 -5
-9999 -9999 -9999 -9999 -9999 -9999 -9999 72 22 -54 -90 -9999 -9999 -9999 -9999 -9999 -9999 -9999 -9999 2 -9999 -9999 -9999 -9999 -9999 -9999 142 81 70 11 3 9 -15 -22 -16 25 20 5 -1 -13 -22 -19 -29 -1 -14 -15 -17 -8 -24 -46 -44 -23 23 15 44 29 13 2 -1 -8 -8 -20 -6 -11 -12 -7 -4 -5 -9 -6 -21 -10 3 11 -2 -8 -13 -21 -20 -14 -14 -8 -13 -11 -8 -7 -0 -4 1 1 5 8 13 11 4 -1
-9999 -9999 -9999 -9999 -9999 -9999 -9999 110 -2 1 -114 -9999 -9999 -9999 -9999 -9999 -9999 -9999 -9999 57 -9999 -9999 -9999 -9999 -9999 -9999 119 81 41 15 9 3 -27 -30 -26 32 20 9 -2 -22 -16 -22 -28 6 -14 -12 -5 -11 -32 -55 -21 25 15 -4 37 20 1 -15 -14 -17 -8 -16 -6 -4 -3 3 -10 -7 -9 -9 -19 -12 11 3 -8 -10 -1 -2 -7 -15 -18 -9 -15 -17 -16 -6 -8 3 0 4 3 5 3 9 10 -2
-9999 -9999 -9999 -9999 -9999 -9999 -9999 91 45 -8 -95 -9999 -9999 -9999 -9999 -9999 -9999 -9999 -9999 82 -16 -9999 -9999 -9999 -9999 91 76 55 45 19 15 -18 -26 -16 -28 7 22 15 -5 -17 -20 -17 -20 2 -16 -22 1 -22 -40 -59 -22 28 12 33 35 17 2 -12 -10 -2 -1 3 -5 -8 7 -3 -8 -5 -0 -11 -9 19 8 0 -6 3 -2 -2 -1 -14 -15 -21 -22 -25 -19 -25 -13 5 -1 1 -1 -2 -6 -6 5 -1
-9999 -9999 -9999 -9999 -9999 -9999 -9999 -9999 36 25 -65 -9999 -9999 -9999 -9999 -9999 -9999 -9999 -9999 84 1 -30 -9999 -9999 99 67 57 41 29 27 -7 -17 -25 -14 -22 -20 -8 6 -5 -12 -21 -11 -8 -2 -4 -21 -12 -27 -43 -59 -10 18 12 11 35 7 -0 -20 3 -4 -17 4 -11 -14 -18 -16 -8 2 -2 -9 4 14 3 2 2 3 2 4 -5 -8 -12 -20 -15 -20 -18 -10 -3 -2 1 1 1 5 7 6 7 -1
-9999 -9999 -9999 -9999 -9999 -9999 -9999 -9999 -9999 -9999 49 -62 -9999 -9999 -9999 -9999 -9999 -9999 -9999 101 22 -1 -19 30 67 53 35 34 29 -3 -6 -14 -18 -20 -27 -28 -8 10 -3 -15 -28 -28 1 -5 -5 -13 -20 -30 -53 -58 -27 32 5 5 41 15 -0 -7 -1 -4 -1 -1 -3 -7 -6 2 -5 9 -15 -5 16 11 2 8 9 2 7 2 -9 -15 -11 -16 -17 -17 -19 -15 -14 -10 -2 -1 -6 -1 2 7 5 3
-9999 -9999 -9999 -9999 -9999 -9999 -9999 -9999 -9999 -9999 -9999 21 -9999 -5 -9999 -9999 -9999 -9999 75 72 50 33 17 17 18 12 16 23 24 2 -1 -11 -16 -26 -24 3 16 2 -7 -11 -31 -21 9 2 -11 -15 -27 -41 -61 -31 31 23 5 -8 39 18 -3 -1 -6 -10 -6 -6 -5 -12 -12 -2 -3 -1 0 5 16 11 7 5 5 2 0 -1 -8 -11 -11 -13 -21 -19 -13 -15 -23 -17 1 3 3 2 8 7 -0 9
-9999 -9999 -9999 -9999 -9999 -9999 -9999 -9999 -9999 -9999 -9999 -9999 -9999 -9999 -9999 -9999 -9999 -9999 85 67 41 30 4 10 9 -6 18 37 24 4 -4 -6 -24 -13 15 12 4 -10 -9 -12 -29 -5 12 4 -8 -17 -30 -50 -69 -51 23 21 25 0 34 11 -0 -8 -15 -12 -11 -14 -13 -16 -23 4 9 -2 9 10 13 12 17 18 18 11 0 -3 -10 -11 -10 -14 -16 -19 -19 -18 -19 -9 2 3 -2 -5 2 3 3 7
-9999 -9999 -9999 -9999 -9999 -9999 -9999 -9999 -9999 -9999 -9999 -9999 -9999 71 -9999 44 31 85 95 51 42 14 -10 -21 -11 -30 6 20 14 8 2 -6 -15 18 13 9 -1 -4 -5 -7 -18 20 11 3 -13 -23 -36 -51 -81 -50 27 24 16 -12 35 15 -2 -15 -4 -5 -7 -6 -8 -11 -13 3 -8 13 11 11 14 15 26 17 19 10 1 -2 -16 -10 -16 -21 -23 -22 -24 -23 -15 -10 -8 -9 2 4 6 -0 12 5
-9999 -9999 -9999 -9999 -9999 -9999 -9999 -9999 -9999 -9999 -9999 -9999 -9999 -9999 105 86 47 63 49 65 20 13 -7 -15 -22 -31 -3 16 -0 9 3 -6 -10 -7 -5 -0 13 4 -6 -14 -0 33 7 1 -14 -26 -42 -61 -82 -27 22 14 20 24 36 8 -5 -8 -14 -5 -2 3 -6 -15 8 -4 -5 18 2 12 5 9 15 22 16 9 5 -9 -13 -11 -16 -14 -6 -12 -9 -16 -20 -5 -14 -14 -5 -1 11 3 9 6
-9999 -9999 -9999 -9999 -9999 -9999 -9999 -9999 -9999 -9999 -9999 -9999 -9999 -9999 122 86 95 37 54 62 37 13 -4 -12 -16 -25 -27 -1 -1 13 1 -3 -6 -11 -23 -18 6 6 -12 -21 20 31 9 -5 -12 -30 -52 -62 -82 -17 22 -1 32 -13 -1 13 -4 -12 -12 1 -5 -2 -11 -3 5 6 16 10 12 9 10 20 13 22 13 14 2 -5 -6 -5 -18 -18 -14 -16 -7 -4 -12 -7 -7 -7 -8 -4 -1 4 9 4
-9999 -9999 -9999 -9999 -9999 -9999 -9999 -9999 -9999 -9999 -9999 -9999 -9999 -9999 -9999 114 97 61 35 60 48 19 -6 -10 -16 -18 -23 -29 1 6 7 -2 -6 -5 -23 5 -14 16 -8 -13 32 23 14 -4 -16 -41 -60 -65 -84 -47 18 38 34 13 0 2 -2 -14 14 3 -7 -2 5 17 -10 -4 22 10 10 2 13 15 12 23 17 4 6 3 -9 -3 -8 -13 -22 -25 -13 -5 -8 -9 -2 1 -2 2 3 -0 -2 0
-9999 -9999 -9999 -9999 -9999 -9999 -9999 -9999 -9999 -9999 -9999 -9999 -9999 -9999 -9999 -9999 121 84 50 43 44 38 -4 -8 -14 -14 -22 -26 -23 -15 6 3 -1 -4 -18 10 -20 16 16 23 21 9 12 0 -26 -51 -63 -75 -83 -57 40 60 38 16 -6 -1 -5 -14 -31 7 -3 -9 16 21 2 3 14 7 -3 6 10 13 16 17 17 5 10 10 -2 -3 -0 -2 -11 -23 -13 -18 -12 -9 6 2 -9 1 4 -5 -6 -2
-9999 -9999 -9999 -9999 -9999 -9999 -9999 -9999 -9999 -9999 -9999 -9999 -9999 -9999 -9999 -9999 -9999 108 70 29 33 38 34 -5 -13 -17 -15 -22 -22 -19 8 12 1 -3 -9 8 -12 -17 -3 19 11 -4 -13 3 -22 -48 -65 -77 -70 -15 47 53 39 12 4 9 -2 -19 -28 5 0 3 21 22 13 10 7 1 -10 16 14 15 20 15 14 9 6 2 0 -1 -2 6 -2 -9 -8 -6 -13 -8 -5 -9 -9 -9 6 -0 -1 13
-9999 -9999 -9999 -9999 -9999 -9999 -9999 -9999 -9999 -9999 -9999 -9999 -9999 -9999 -9999 -9999 -9999 128 76 66 29 31 35 -9 -13 -17 -14 -16 -24 -26 7 13 5 1 1 7 -4 -1 -4 12 -2 -5 -18 -9 -25 -50 -65 -75 -93 29 66 42 32 17 8 -6 -23 -20 10 1 -2 18 21 16 14 10 7 2 -11 5 8 11 7 6 17 5 6 11 3 3 -1 -9 -14 -7 -8 -11 -7 -1 -8 -16 -10 -16 2 7 14 9
-9999 -9999 -9999 -9999 -9999 -9999 -9999 -9999 -9999 -9999 -9999 -9999 -9999 -9999 -9999 -9999 -9999 -9999 101 75 21 31 35 29 -10 -11 -13 -15 -22 -23 1 3 8 -3 -7 7 3 6 -8 -1 -3 -4 -14 -7 -29 -46 -66 -86 -84 19 54 24 19 15 18 -6 -26 -31 5 7 14 16 21 21 9 -6 4 -7 -14 -0 -13 -6 5 14 9 9 10 11 14 11 4 -5 -15 -14 -1 1 3 -4 -4 -16 -21 -2 -5 2 8 12
-9999 -9999 -9999 -9999 -9999 -9999 -9999 -9999 -9999 -9999 -9999 -9999 -9999 -9999 -9999 -9999 -9999 -9999 -9999 98 59 29 27 29 27 -8 -11 -12 -19 -14 2 -5 10 1 -6 -0 -15 12 11 -7 -4 -6 -1 -20 -33 -46 -61 -86 -29 28 14 10 -8 -10 2 -2 -12 9 -9 15 15 8 -3 -21 -6 -11 -13 -9 -2 -3 -6 5 2 9 11 19 10 4 5 8 7 3 -7 -6 -11 -8 2 -11 -8 -1 -11 -5 -4 1 13 -0
-9999 -9999 -9999 -9999 -9999 -9999 -9999 -9999 -9999 -9999 -9999 -9999 -9999 -9999 -9999 -9999 -9999 -9999 -9999 115 67 45 25 25 27 -7 -11 -8 -10 -4 -12 -6 14 0 -9 1 -16 1 14 -1 4 -8 -11 -21 -36 -43 -69 -86 49 10 -11 1 11 10 5 -1 -1 7 -10 12 13 5 -7 -20 -19 -0 -17 -10 -9 5 9 6 17 6 13 12 10 16 21 17 16 4 0 -8 -8 -11 -11 -6 -11 -8 -12 -15 -8 -11 -5 13
-9999 -9999 -9999 -9999 -9999 -9999 -9999 -9999 -9999 -9999 -9999 -9999 -9999 -9999 -9999 -9999 -9999 -9999 -9999 -9999 88 54 26 24 25 30 -2 -3 -1 -0 -12 9 5 -2 -6 -5 -9 -15 9 10 -1 -12 -12 -17 -37 -51 -71 -101 26 2 -19 44 29 19 2 -3 -22 10 -4 12 25 4 0 -16 -25 -10 -12 -7 1 -1 6 2 4 15 11 7 7 7 20 19 9 8 2 2 -6 -1 1 -3 -11 -18 -10 -17 -19 -20 -25 -2
-9999 -9999 -9999 -9999 -9999 -9999 -9999 -9999 -9999 -9999 -9999 -9999 -9999 -9999 -9999 -9999 -9999 -9999 -9999 -9999 108 66 50 24 22 33 -3 -3 -2 0 -7 5 11 -4 -9 3 -13 -12 3 4 -7 -4 -1 -15 -35 -56 -65 -92 19 -5 -37 37 8 4 -5 2 -11 -6 -16 -2 17 -2 -2 -14 -12 -14 -8 -6 -1 -4 6 5 2 28 24 14 7 -2 -1 18 4 -3 2 2 0 -9 -10 -3 -8 -17 -3 -14 -13 -27 -29 -20
-9999 -9999 -9999 -9999 -9999 -9999 -9999 -9999 -9999 -9999 -9999 -9999 -9999 -9999 -9999 -9999 -9999 -9999 -9999 -9999 -9999 88 62 36 28 35 36 -3 -4 4 8 9 7 -4 -6 7 4 -6 3 3 -6 4 -19 -21 -39 -58 -70 -10 45 19 -5 -3 -5 -6 -12 -7 -1 -7 -11 6 9 7 -11 -18 -12 -11 -9 -12 2 -0 -2 3 -6 -7 10 19 8 15 -6 2 7 11 10 4 6 -3 -0 -4 -6 -10 -19 -22 -29 -36 -17 -10
-9999 -9999 -9999 -9999 -9999 -9999 -9999 -9999 -9999 -9999 -9999 -9999 -9999 -9999 -9999 -9999 -9999 -9999 -9999 -9999 -9999 -9999 81 68 33 26 35 20 -1 -1 -1 15 7 2 1 4 4 3 -5 -5 -2 -10 -18 -20 -40 -60 -42 61 46 31 13 1 4 2 -8 -13 -6 -5 -3 5 6 -3 -24 -24 -13 -9 -13 -5 -11 -9 -11 6 2 9 27 17 5 13 3 19 18 10 9 -7 8 2 -4 -2 -11 -12 -14 -21 -32 -35 -37 -24
-9999 -9999 -9999 -9999 -9999 -9999 -9999 -9999 -9999 -9999 -9999 -9999 -9999 -9999 -9999 -9999 -9999 -9999 -9999 -9999 -9999 -9999 95 73 52 31 35 24 7 1 -12 15 4 -1 -2 -2 8 -1 -7 -8 -9 -22 -0 -17 -37 -55 -77 52 -2 34 14 8 17 -5 -0 -7 -8 -10 7 14 -1 -9 -19 -9 -10 -13 -11 -10 -10 -3 -13 -6 -6 16 21 5 8 12 -1 10 22 11 5 -6 14 6 2 -10 -13 -10 -18 -25 -20 -32 -30 -11
-9999 -9999 -9999 -9999 -9999 -9999 -9999 -9999 -9999 -9999 -9999 -9999 -9999 -9999 -9999 -9999 -9999 -9999 -9999 -9999 -9999 -9999 -9999 86 61 38 29 33 25 3 -6 13 7 3 -0 -3 -8 -12 -10 -13 -27 -14 6 -16 -30 -42 -61 46 28 33 13 4 9 -4 -6 -7 -11 -16 15 3 -2 -2 -1 -15 -12 -3 -7 -2 1 -2 -1 4 -3 -8 5 4 4 3 9 2 7 11 6 13 16 7 2 -8 8 0 -9 -13 -21 -29 -33 -12
-9999 -9999 -9999 -9999 -9999 -9999 -9999 -9999 -9999 -9999 -9999 -9999 -9999 -9999 -9999 -9999 -9999 -9999 -9999 -9999 -9999 -9999 -9999 102 65 61 26 30 23 1 -2 2 6 7 0 -0 -6 -10 -14 -9 -25 -7 4 -12 -24 -41 -37 35 31 26 21 18 -0 5 -4 -9 -14 -3 3 -6 -13 -10 -6 -7 1 -6 -1 -3 -4 -4 3 -5 9 5 -0 1 -1 1 0 14 14 9 6 -1 11 13 2 1 14 -2 -19 -15 -23 -34 17 2
-9999 -9999 -9999 -9999 -9999 -9999 -9999 -9999 -9999 -9999 -9999 -9999 -9999 -9999 -9999 -9999 -9999 -9999 -9999 -9999 -9999 -9999 -9999 -9999 76 55 24 21 13 12 3 3 3 -1 -1 -4 2 -6 -13 -10 -19 9 2 -7 -18 -30 18 15 33 23 17 15 -1 1 -6 -6 3 10 -7 -1 -6 -11 -9 -14 -9 -8 -5 -11 -2 -4 9 1 0 0 -5 8 1 -6 3 -1 18 1 8 8 6 5 6 10 8 -3 -23 -15 -29 -51 17 10
-9999 -9999 -9999 -9999 -9999 -9999 -9999 -9999 -9999 -9999 -9999 -9999 -9999 -9999 -9999 -9999 -9999 -9999 -9999 -9999 -9999 -9999 -9999 -9999 114 64 52 18 15 5 -18 -1 0 -2 -7 11 -2 -7 -4 -9 -12 -12 -7 -3 -10 -10 -26 -34 27 27 18 4 13 9 -11 -9 8 11 -6 -8 -16 -12 -13 -12 -6 7 6 4 -1 3 0 -6 -3 0 -1 1 1 -1 6 -7 11 3 11 9 12 19 7 3 3 -7 -26 -26 -38 -17 -5 17
-9999 -9999 -9999 -9999 -9999 -9999 -9999 -9999 -9999 -9999 -9999 -9999 -9999 -9999 -9999 -9999 -9999 -9999 -9999 -9999 -9999 -9999 -9999 -9999 136 73 36 20 15 6 -21 4 -4 -3 -12 8 -1 -7 -0 -4 -3 0 -13 4 -9 -11 -14 -35 -45 1 17 3 9 7 0 5 -6 9 4 -1 -6 -4 -15 6 -4 -9 1 -5 -7 -10 5 -5 -15 -6 -1 -2 -3 -8 -5 -6 4 -3 11 7 6 13 9 3 4 -10 -20 -12 -31 -16 -38 7
-9999 -9999 -9999 -9999 -9999 -9999 -9999 -9999 -9999 -9999 -9999 -9999 -9999 -9999 -9999 -9999 -9999 -9999 -9999 -9999 -9999 -9999 -9999 -9999 -9999 81 35 22 14 0 -1 -3 -4 -4 -5 5 7 1 2 -4 -5 -5 -10 -19 -9 -7 -15 -17 -33 -35 16 11 -0 3 -2 3 -10 6 2 3 9 -9 -4 12 -2 -8 -7 -4 -2 -19 -12 -1 -6 -7 -9 -7 -3 -1 4 2 -11 -13 1 10 15 12 11 9 4 -3 -7 -16 -38 -22 -32 -1
-9999 -9999 -9999 -9999 -9999 -9999 -9999 -9999 -9999 -9999 -9999 -9999 -9999 -9999 -9999 -9999 -9999 -9999 -9999 -9999 -9999 -9999 -9999 -9999 -9999 77 56 21 12 0 -3 -6 -5 -4 -6 2 6 1 0 -6 -9 -3 -8 -13 -16 3 -9 -10 -26 -30 21 12 7 3 -7 -8 -7 5 4 -2 1 3 -6 5 3 -10 -11 -12 -11 -12 2 -4 -12 -1 -4 -3 2 -3 -5 -4 -11 -10 -12 0 2 -1 -2 -2 0 -15 -13 -18 -3 -4 -4 -2
-9999 -9999 -9999 -9999 -9999 -9999 -9999 -9999 -9999 -9999 -9999 -9999 -9999 -9999 -9999 -9999 -9999 -9999 -9999 -9999 -9999 -9999 -9999 -9999 139 84 76 33 13 1 -19 -6 0 1 5 0 -1 -4 -2 -3 -3 7 -7 -17 -16 -0 -4 -5 -16 -21 10 14 10 4 -0 -11 0 2 3 -4 2 1 -5 -7 3 -7 -14 -1 3 3 7 0 -3 -4 -13 -6 -0 -6 -1 -11 -15 -10 -5 -4 -4 -0 -3 2 -4 -11 3 -21 -20 -9 -5 -9
-9999 -9999 -9999 -9999 -9999 -9999 -9999 -9999 -9999 -9999 -9999 -9999 -9999 -9999 -9999 -9999 -9999 -9999 -9999 -9999 -9999 -9999 -9999 -9999 142 61 65 28 8 -4 -30 -23 -5 0 -3 -3 2 -4 -5 -3 4 -5 7 -11 -22 -1 5 -5 -10 10 11 8 8 9 -4 -13 6 -0 2 -8 -5 1 2 0 -4 -8 10 3 -6 -12 -8 -5 -0 -2 -2 -3 -11 -8 -8 -10 -15 -3 -8 -1 -1 7 5 -4 -8 1 3 -14 -2 -3 2 -17
-9999 -9999 -9999 -9999 -9999 -9999 -9999 -9999 -9999 -9999 -9999 -9999 -9999 -9999 -9999 -9999 -9999 -9999 -9999 -9999 -9999 -9999 -9999 -9999 135 73 68 20 9 -5 -34 -34 -27 -0 -5 -2 1 -4 -0 -10 2 -7 -0 -6 -13 -5 0 1 -7 -19 -0 3 6 4 2 9 11 -3 1 -3 4 -6 2 3 7 1 -4 -0 -12 -2 10 1 -2 -9 -8 -4 -11 -10 -9 -8 -7 -1 -5 -3 -2 5 -3 -9 13 6 -1 -7 4 -4 -8 -16
-9999 -9999 -9999 -9999 -9999 -9999 -9999 -9999 -9999 -9999 -9999 -9999 -9999 -9999 -9999 -9999 -9999 -9999 -9999 -9999 -9999 -9999 -9999 -9999 144 84 72 46 21 -6 -31 -36 -27 3 -7 -11 3 3 -1 -6 -9 5 4 -5 -15 -9 -11 -6 -0 -9 0 2 7 6 4 5 5 -8 -3 1 -6 2 -4 -3 -13 -3 4 6 20 13 19 -1 -5 -9 -17 -8 -12 1 -9 -5 -3 -8 -12 4 11 1 2 0 10 2 6 2 6 -2 -10 -15
-9999 -9999 -9999 -9999 -9999 -9999 -9999 -9999 -9999 -9999 -9999 -9999 -9999 -9999 -9999 -9999 -9999 -9999 -9999 -9999 -9999 -9999 -9999 -9999 132 86 45 50 22 14 -24 -31 -32 -8 -13 -10 -0 -2 -0 -4 1 -1 4 8 -3 -5 -10 -8 -9 -3 -11 -3 9 5 1 -4 -1 -2 3 3 -2 -1 -1 -6 -9 -3 -5 -7 -0 -12 -5 10 -5 -7 -5 -9 -14 -15 -13 -15 -17 -7 -4 -12 -5 3 3 2 4 0 2 0 -5 -2 -1 -0
-9999 -9999 -9999 -9999 -9999 -9999 -9999 -9999 -9999 -9999 -9999 -9999 -9999 -9999 -9999 -9999 -9999 -9999 -9999 -9999 -9999 -9999 -9999 -9999 -9999 103 72 51 28 17 8 -25 -42 -13 -25 -4 -4 -9 -7 -8 0 -9 -3 -9 1 -15 -19 -20 -8 -5 -18 -2 2 11 9 3 -6 4 3 -4 -3 0 -7 -9 -1 -9 -7 -13 -6 -13 -5 -5 -7 -5 -11 -6 -3 -16 -13 -14 -15 -5 -5 -3 -17 -9 2 16 8 8 6 3 -1 -3 -4 -5
-9999 -9999 -9999 -9999 -9999 -9999 -9999 -9999 -9999 -9999 -9999 -9999 -9999 -9999 -9999 -9999 -9999 -9999 -9999 -9999 -9999 -9999 -9999 -9999 -9999 131 82 61 36 23 15 -9 -18 -29 1 -5 -6 -10 -12 -18 -16 -19 -7 -15 -26 -14 -12 -20 -11 -2 -19 -8 9 13 7 3 4 10 -3 9 2 -7 -8 -13 -4 -5 -11 -7 -6 1 -6 -8 -4 -6 -8 -14 -12 -16 -3 -7 -10 -6 -10 -17 -19 -29 -21 18 18 9 12 2 -1 3 -3 12
-9999 -9999 -9999 -9999 -9999 -9999 -9999 -9999 -9999 -9999 -9999 -9999 -9999 -9999 -9999 -9999 -9999 -9999 -9999 -9999 -9999 -9999 -9999 -9999 -9999 120 101 83 27 18 19 9 15 -41 -7 -6 -16 -17 -18 -17 -13 -24 -10 -14 -24 -6 -7 -11 -34 -9 -14 -3 14 20 13 9 7 4 -1 11 2 -5 -7 -16 -3 -2 -11 -6 3 -4 -10 -18 -16 -5 -8 -8 -3 -19 -2 -5 -11 -9 -19 -14 -18 -28 -41 18 21 11 7 5 5 -2 -1 -4
-9999 -9999 -9999 -9999 -9999 -9999 -9999 -9999 -9999 -9999 -9999 -9999 -9999 -9999 -9999 -9999 -9999 -9999 -9999 -9999 -9999 -9999 -9999 -9999 -9999 -9999 87 90 54 27 22 12 23 -4 -7 -13 -19 -16 -19 -19 -23 -21 -15 -18 -19 -13 -13 -9 -28 -5 -10 13 8 5 11 15 9 -3 -2 12 8 4 3 3 8 -6 -4 -3 -13 -11 -7 -7 -21 -1 -21 -8 -3 -5 15 6 -11 -20 -29 -33 -30 -41 -39 -9 17 22 12 5 5 -3 2 -9
-9999 -9999 -9999 -9999 -9999 -9999 -9999 -9999 -9999 -9999 -9999 -9999 -9999 -9999 -9999 -9999 -9999 -9999 -9999 -9999 -9999 -9999 -9999 -9999 -9999 -9999 -9999 112 85 42 23 16 34 14 -9 -15 -24 -24 -19 -20 -27 -20 -16 -21 -15 -18 -15 -13 -22 -7 -13 7 7 13 5 10 12 6 10 13 15 3 11 -2 -1 -4 -12 -2 -8 -9 3 -5 -12 -7 -24 -4 -5 -11 -13 -6 -9 -23 -31 -26 -31 -27 5 15 16 6 11 7 -1 1 -2 -5
-9999 -9999 -9999 -9999 -9999 -9999 -9999 -9999 -9999 -9999 -9999 -9999 -9999 -9999 -9999 -9999 -9999 -9999 -9999 -9999 -9999 -9999 -9999 -9999 -9999 -9999 -9999 -9999 94 85 46 23 41 38 6 -14 -26 -32 -27 -22 -25 -18 -21 -22 -20 -20 -23 -25 -23 -20 -4 -7 -2 4 -0 2 9 11 3 3 -0 -9 -8 1 5 -2 9 -6 1 -6 -10 1 -15 0 -26 -1 -14 -20 -13 -18 -12 -14 -9 -17 -25 -21 7 10 9 0 8 -1 -3 -2 -4 -1
-9999 -9999 -9999 -9999 -9999 -9999 -9999 -9999 -9999 -9999 -9999 -9999 -9999 -9999 -9999 -9999 -9999 -9999 -9999 -9999 -9999 -9999 -9999 -9999 -9999 -9999 -9999 -9999 -9999 89 82 39 24 31 27 6 -20 -32 -29 -18 -13 -14 -20 -23 -19 -25 -30 -31 -31 -33 -21 -18 -13 -7 -13 -19 4 14 17 20 20 16 11 -0 -5 -6 -11 -11 1 3 -1 6 3 -8 -3 1 -16 -20 -7 -21 -15 -11 -10 -11 -15 12 19 13 3 5 6 0 -6 -4 -3 -8
-9999 -9999 -9999 -9999 -9999 -9999 -9999 -9999 -9999 -9999 -9999 -9999 -9999 -9999 -9999 -9999 -9999 -9999 -9999 -9999 -9999 -9999 -9999 -9999 -9999 -9999 -9999 -9999 -9999 -9999 89 64 33 21 27 18 -10 -24 -27 -21 -18 -21 -22 -15 -13 -23 -26 -36 -31 -29 -38 -15 -9 -8 -13 -18 -5 10 16 8 6 4 5 8 -7 -11 -6 -10 1 12 15 17 8 -10 -15 -19 -19 -7 -9 -19 -12 -7 -5 -11 7 10 7 4 4 7 1 -6 -5 -1 -8 1
-9999 -9999 -9999 -9999 -9999 -9999 -9999 -9999 -9999 -9999 -9999 -9999 -9999 -9999 -9999 -9999 -9999 -9999 -9999 -9999 -9999 -9999 -9999 -9999 -9999 -9999 -9999 -9999 -9999 -9999 100 76 73 31 17 18 -0 -14 -29 -22 -15 -14 -22 -19 -14 -34 -30 -24 -28 -35 -38 -12 -10 -12 -15 -18 -6 7 13 13 7 3 3 10 -1 -4 -14 -10 -19 1 16 -15 -5 -10 -10 -19 -6 -3 -22 -13 -14 -8 2 -13 10 4 10 3 0 -7 4 -2 -12 -5 -10 7
-9999 -9999 -9999 -9999 -9999 -9999 -9999 -9999 -9999 -9999 -9999 -9999 -9999 -9999 -9999 -9999 -9999 -9999 -9999 -9999 -9999 -9999 -9999 -9999 -9999 -9999 -9999 -9999 -9999 -9999 -9999 73 87 60 30 32 31 -5 -22 -13 -18 -14 -24 -19 -17 -15 -24 -18 -33 -37 -40 -13 -11 -16 -14 -14 -12 4 7 12 8 12 9 3 -13 -11 -14 -10 -3 -17 15 -4 1 -9 -11 -11 -18 -5 3 -6 -8 -22 -4 0 0 -0 0 4 -5 -4 -12 -5 -3 -1 -6 -2
-9999 -9999 -9999 -9999 -9999 -9999 -9999 -9999 -9999 -9999 -9999 -9999 -9999 -9999 -9999 -9999 -9999 -9999 -9999 -9999 -9999 -9999 -9999 -9999 -9999 -9999 -9999 -9999 -9999 -9999 -9999 -9999 75 92 50 30 33 15 -2 -4 -8 -15 -22 -22 -23 -8 -37 -26 -35 -40 -44 -16 -5 -13 -16 -17 -17 -12 -15 -11 -18 5 10 -6 -26 -27 -20 -31 -23 -15 7 9 5 -9 -5 -10 -7 -20 -6 1 -5 -10 -26 -6 -1 -4 -3 -2 -11 -0 -9 -4 -5 -10 -3 3
-9999 -9999 -9999 -9999 -9999 -9999 -9999 -9999 -9999 -9999 -9999 -9999 -9999 -9999 -9999 -9999 -9999 -9999 -9999 -9999 -9999 -9999 -9999 -9999 -9999 -9999 -9999 -9999 -9999 -9999 -9999 -9999 -9999 95 68 23 34 26 23 -1 -8 -5 -19 -21 -12 -22 -16 -27 -48 -41 -46 -23 -14 -14 -12 -19 -13 -17 -26 -27 -36 -1 11 -9 -13 -17 -11 -36 -13 11 -8 -5 -4 -3 -7 -7 -4 -20 -24 6 -5 -12 -14 -13 -2 -7 -8 -5 -1 1 -3 -3 -11 -9 -4 1
-9999 -9999 -9999 -9999 -9999 -9999 -9999 -9999 -9999 -9999 -9999 -9999 -9999 -9999 -9999 -9999 -9999 -9999 -9999 -9999 -9999 -9999 -9999 -9999 -9999 -9999 -9999 -9999 -9999 -9999 -9999 -9999 -9999 87 77 40 47 43 26 4 9 3 -11 -18 -30 -26 -20 -28 -40 -36 -30 -27 -13 -14 -15 -17 -22 -19 -25 -22 -37 -33 13 -5 1 -6 -13 -37 0 14 -8 -4 4 -5 -2 -2 1 -10 -20 -22 -14 -17 -15 -17 -10 -8 -17 -5 -12 -8 -1 -5 -2 1 -3 -3
