reca/docs/data/PA5_1997_2017_CPRISTINE_S30kmFill_U.asc
ncols 813
nrows 670
xllcorner 112.925
yllcorner -43.575
cellsize 0.05
NODATA_value -9999.0
[rows 288 to 335 of 670, columns 0 to 95 of 813]
-9999 -9999 -9999 -9999 -9999 -9999 -9999 -9999 -9999 -9999 78 56 41 20 -2 3 6 -13 -16 -17 -19 -19 -19 -22 -27 -29 -23 -11 16 7 3 -2 -1 -5 -4 -22 -16 -13 -12 -15 -14 -15 1 1 -17 -11 -20 -10 -20 -19 -11 -12 -1 -10 -2 -0 -1 0 -5 -5 4 -4 -19 -3 23 -25 -16 -1 -7 -12 -17 -27 -29 -40 -49 -22 6 1 0 -21 -22 -17 -32 -31 -16 -15 -1 -4 -6 -6 -5 -4 -5 9 1 5
-9999 -9999 -9999 -9999 -9999 -9999 -9999 -9999 -9999 -9999 -9999 106 39 0 0 2 7 -11 -13 -10 -13 -17 -15 -16 -17 -21 -21 -22 -7 1 -1 -0 -0 -1 -3 -16 -24 -8 -10 -12 -10 -13 12 15 -5 -11 -11 -11 -7 -11 -7 -6 -6 -12 -10 -18 -14 -14 -12 1 5 1 -26 -35 -31 -30 -18 -17 1 -11 -13 -15 -20 -26 -37 -53 -40 10 20 7 -1 -4 -13 -13 -23 -20 -17 -5 8 7 -2 4 4 -0 1 4
-9999 -9999 -9999 -9999 -9999 -9999 -9999 -9999 -9999 -9999 -9999 -9999 59 23 7 6 10 -11 -8 -8 -9 -11 -11 -13 -15 -16 -17 -15 -20 -14 -7 -4 -7 -3 -4 -12 -16 -11 3 -0 1 0 -7 13 10 -5 -10 -9 -5 -13 -14 -1 -9 -11 -5 -3 -11 -9 -12 -5 -16 -19 -14 -14 -15 -17 -10 9 0 1 -8 -18 -10 -11 -14 -40 -52 -4 -7 -47 -39 0 3 -13 -14 -7 -1 -6 -13 11 12 11 12 14 10 11
-9999 -9999 -9999 -9999 -9999 -9999 -9999 -9999 -9999 -9999 -9999 -9999 65 41 27 8 11 -6 -6 -8 -10 -10 -8 -9 -10 -12 -14 -15 -14 -10 -9 -4 -6 -4 -4 -11 -6 -14 -7 -1 10 9 -16 -8 18 -6 -6 -5 -11 -7 -18 -6 -7 -15 -3 -5 -16 -5 -3 -4 -9 -6 -6 -9 -6 -5 -14 -13 -14 -12 -10 -11 -28 -23 -3 -8 -48 -56 -52 -36 -14 -38 -6 6 -0 -7 1 -8 3 3 -3 -16 -16 -14 -8 4
-9999 -9999 -9999 -9999 -9999 -9999 -9999 -9999 -9999 -9999 -9999 -9999 -9999 70 49 16 7 12 -5 -10 -8 -7 -4 -7 -9 -10 -10 -9 -9 -12 -9 -6 -4 -2 -7 -11 -10 -9 -14 0 8 0 -3 28 31 -23 -10 -10 -9 -10 -7 -10 -8 -8 -8 -11 -11 -0 2 1 2 5 5 1 -2 3 5 1 -2 -4 -3 -4 -28 -29 -34 -15 -31 -29 -40 -35 -22 -25 -28 -20 -18 -16 -5 -6 -3 0 -6 -9 -12 -13 -7 -9
-9999 -9999 -9999 -9999 -9999 -9999 -9999 -9999 -9999 -9999 -9999 -9999 -9999 -9999 50 14 12 11 -7 -11 -13 -13 -12 -11 -12 -13 -15 -17 -16 -13 -10 -7 -0 1 -2 -5 -4 -5 -5 1 7 6 3 10 5 -7 -11 -18 -5 -12 -3 -6 -2 -7 -6 -7 -9 -11 -12 1 -5 17 19 5 5 10 9 9 4 2 -3 -16 -17 -24 -3 -7 -8 -6 -27 -16 -8 -9 -8 -4 -15 -16 -6 6 5 7 9 -0 3 1 5 8
-9999 -9999 -9999 -9999 -9999 -9999 -9999 -9999 -9999 -9999 -9999 -9999 -9999 -9999 17 8 8 10 -1 -6 -7 -10 -8 -6 -6 -8 -7 -7 -10 -11 -10 -1 -3 -2 -1 -3 -4 -6 -7 -5 13 18 17 3 -3 -5 -14 -21 -14 -8 1 2 -9 -10 -14 -1 -4 -7 -8 -7 -23 -25 -29 -22 17 18 14 -1 4 9 10 -3 -14 -13 -2 -22 -24 -14 -12 -5 -0 2 -13 -22 -17 -6 1 1 3 -4 -4 11 15 6 -2 12
-9999 -9999 -9999 -9999 -9999 -9999 -9999 -9999 -9999 -9999 -9999 -9999 -9999 -9999 8 26 16 14 17 -1 -3 -4 -4 -6 -3 -4 -4 -3 -3 -3 -2 -3 -4 -4 0 3 -0 -2 -1 -4 13 26 26 22 24 5 -21 -25 -22 -1 -11 -1 -12 -12 -17 -6 -9 -7 -8 -9 -2 -21 -36 -41 -39 -38 -1 17 -2 -5 -15 -15 -12 -1 -3 -3 7 13 13 14 -6 1 6 -8 3 1 9 10 11 10 17 7 -10 -3 -4 1
-9999 -9999 -9999 -9999 -9999 -9999 -9999 -9999 -9999 -9999 -9999 -9999 -9999 -9999 47 46 16 14 20 22 3 3 0 0 4 2 2 5 6 6 4 -4 -7 2 1 4 6 2 5 4 1 25 32 29 32 15 -10 -31 -27 -5 -14 -13 -14 -16 -16 -5 -11 -11 -8 -6 0 -16 -23 -22 -31 -38 -36 -23 -6 1 -20 -16 -11 -2 11 14 16 15 35 33 20 6 26 -26 1 20 21 1 16 30 13 2 11 13 8 4
-9999 -9999 -9999 -9999 -9999 -9999 -9999 -9999 -9999 -9999 -9999 -9999 -9999 -9999 -9999 60 15 22 26 24 27 4 6 0 -4 5 7 5 1 0 -7 -8 -9 1 6 5 -1 -7 -9 -3 -6 16 1 -18 -23 -3 -24 -37 -27 -28 -1 -12 -14 -14 -15 -1 -2 -5 -7 -10 -15 -19 -21 -28 -30 -30 -26 -25 -13 -15 -13 -7 6 11 24 27 36 12 -0 18 3 12 16 -37 9 25 7 20 9 18 -4 -21 -18 -15 23 22
-9999 -9999 -9999 -9999 -9999 -9999 -9999 -9999 -9999 -9999 -9999 -9999 -9999 -9999 -9999 65 20 22 20 20 22 4 9 7 5 5 6 3 -1 -8 -9 -6 -3 -5 -2 -2 -4 -4 -4 -11 -10 -8 -32 -31 -39 -33 -40 -38 -25 -32 -26 -13 -10 -11 -16 -6 16 11 -5 -9 -6 -10 -17 -17 -21 -14 -16 -18 -11 -15 -2 6 6 3 22 32 41 -40 -52 -18 -37 -52 -45 -23 -17 -30 -35 -35 -30 -26 -27 -24 -28 0 9 -6
-9999 -9999 -9999 -9999 -9999 -9999 -9999 -9999 -9999 -9999 -9999 -9999 -9999 -9999 -9999 75 84 34 17 14 11 5 -5 -20 -23 -4 -5 -10 -7 -8 -10 -10 -7 -8 -5 -6 0 -16 -22 -17 -11 -11 -34 -36 -35 -34 -26 -24 -30 -21 -25 -10 -13 -18 -14 -19 -29 -15 -10 -17 -10 -6 -11 -10 -14 -21 -17 -15 -14 -18 -9 9 -6 12 -10 -36 -25 -50 -63 -65 -50 -48 -42 2 7 4 -34 -19 -11 -11 -10 -22 -21 -33 -38 -38
-9999 -9999 -9999 -9999 -9999 -9999 -9999 -9999 -9999 -9999 -9999 -9999 -9999 -9999 -9999 -9999 106 42 28 7 11 9 -11 -15 -15 -16 -14 -18 -15 -10 -8 -8 -5 -7 -3 1 0 -14 -19 -20 -3 -15 -18 -13 -14 -9 -12 -14 -18 -22 -21 -19 -16 -18 -8 -15 -14 -23 -1 -7 -11 -10 -8 -6 -4 -9 -9 -8 -12 -12 -22 -37 -15 3 -21 -27 -49 -56 -53 -53 -42 -44 -31 -11 -40 -34 -32 -25 -10 -2 -7 -13 -16 -12 -18 -4
-9999 -9999 -9999 -9999 -9999 -9999 -9999 -9999 -9999 -9999 -9999 -9999 -9999 -9999 -9999 -9999 -9999 118 47 10 11 8 9 -10 -11 -8 -8 -8 -10 -9 -6 -3 2 -3 7 8 -7 -18 -18 -20 -13 -6 -16 -10 -7 -6 -11 -8 -12 -8 -6 -10 -20 -19 -14 -11 -5 -47 -42 -12 -3 -5 -5 -7 -20 -1 -12 -18 -4 -14 -20 -9 -28 -20 -21 -43 -51 -38 -38 -38 -35 -32 -28 -26 -25 -24 -17 -13 -18 -14 -24 -27 -19 -15 -21 -28
-9999 -9999 -9999 -9999 -9999 -9999 -9999 -9999 -9999 -9999 -9999 -9999 -9999 -9999 -9999 -9999 -9999 -9999 44 31 7 10 11 -9 -7 -6 -12 -8 -6 -6 -3 0 -6 -16 0 -12 -15 -11 -14 -18 -16 5 -7 -6 4 1 7 7 10 7 12 -10 -15 -5 -8 -22 -29 -34 -34 -21 -9 -17 -11 -25 -26 -3 -13 -14 -14 -15 -12 -25 -30 -31 -32 -32 -31 -23 -23 -20 -17 -13 -10 -15 -9 -7 -10 -20 -15 -22 -34 -36 -23 -13 -25 -20
-9999 -9999 -9999 -9999 -9999 -9999 -9999 -9999 -9999 -9999 -9999 -9999 -9999 -9999 -9999 -9999 -9999 -9999 99 46 5 6 14 12 -8 -10 -7 -5 -7 -4 0 1 -1 -14 -13 -9 -10 -14 -17 -21 -27 -5 -10 -11 1 6 9 14 12 12 -16 -4 -7 -15 -20 -22 -26 -27 -35 -30 -8 -9 -13 -11 -21 -20 -19 -3 -17 -16 -20 -24 -23 -29 -26 -20 -23 -21 -21 -11 -1 -1 -2 4 -8 -2 -2 -6 -15 -33 -33 -35 -33 -23 -21 -22
-9999 -9999 -9999 -9999 -9999 -9999 -9999 -9999 -9999 -9999 -9999 -9999 -9999 -9999 -9999 -9999 -9999 -9999 -9999 48 28 4 3 5 -1 -1 0 -5 -11 -4 -1 2 -5 -12 -28 -7 -8 -15 -20 -18 -29 -7 -20 -16 -12 -2 1 6 -12 -11 -8 2 1 8 -4 -21 -22 -20 -25 -25 -12 -2 -8 -14 -12 -3 -8 -9 -11 -6 -13 -13 -13 -11 -16 -9 -7 -5 -7 -10 -11 15 16 -7 2 -21 -22 -24 -31 -34 -35 -34 -35 -23 -26 -41
-9999 -9999 -9999 -9999 -9999 -9999 -9999 -9999 -9999 -9999 -9999 -9999 -9999 -9999 -9999 -9999 -9999 -9999 -9999 76 52 6 4 6 -12 -6 -24 -23 -8 -7 -4 -3 -8 -14 -24 -21 -8 -4 -18 -14 -21 -27 -28 -20 -1 4 -8 -17 -13 6 1 19 12 2 0 -11 -24 -17 -24 -32 -37 -20 -4 -7 -13 -14 -16 -19 -4 -10 -7 -0 -4 -9 -16 -13 0 -1 -0 5 9 22 14 -7 2 -13 -27 -28 -28 -22 -29 -30 -18 -17 -21 -30
-9999 -9999 -9999 -9999 -9999 -9999 -9999 -9999 -9999 -9999 -9999 -9999 -9999 -9999 -9999 -9999 -9999 -9999 -9999 -9999 51 26 -3 -4 -4 -17 -18 -21 -12 -11 -11 -8 -6 -15 -21 -27 -26 -5 -12 -7 -13 -14 -19 -13 -23 -22 7 3 3 7 6 14 19 15 9 -7 -19 -29 -22 -22 -23 -28 -11 -8 4 4 -4 -13 -12 5 -9 1 -7 -12 -13 -7 -4 -11 -5 -3 8 14 8 15 3 -10 -21 -25 -27 -24 -25 -22 -19 -20 -23 -25
-9999 -9999 -9999 -9999 -9999 -9999 -9999 -9999 -9999 -9999 -9999 -9999 -9999 -9999 -9999 -9999 -9999 -9999 -9999 -9999 61 52 3 -3 -0 -2 -17 -17 -15 -11 -9 -12 -11 -17 -18 -19 -23 -18 -4 -4 -8 -6 -16 -16 -21 -18 -10 16 -15 -48 -15 8 10 -2 -2 6 2 -16 -24 -10 -17 -13 -6 3 5 4 2 5 -6 4 -6 -8 -9 -4 -6 -13 -23 -29 -12 -23 -32 -45 -38 -30 5 -5 -9 -13 -12 -8 -5 -14 -12 -13 -7 -14
-9999 -9999 -9999 -9999 -9999 -9999 -9999 -9999 -9999 -9999 -9999 -9999 -9999 -9999 -9999 -9999 -9999 -9999 -9999 -9999 -9999 74 12 0 -1 3 2 -18 -26 -19 -18 -22 -21 -20 -19 -20 -19 -24 -20 -3 -2 -2 -12 -16 -7 -10 -14 -13 -29 -29 -29 2 4 -12 -16 -40 -8 -8 -17 -24 -12 -32 -7 8 6 12 12 12 11 -8 -3 -0 1 -1 -10 -9 -7 -10 -10 -8 -11 -12 -19 -25 -7 -6 -4 -3 -6 0 4 5 -6 -4 -5 -9
-80 -9999 -9999 -9999 -9999 -9999 -9999 -9999 -9999 -9999 -9999 -9999 -9999 -9999 -9999 -9999 -9999 -9999 -9999 -9999 -9999 40 60 7 1 4 6 -4 -20 -22 -27 -25 -23 -19 -16 -19 -18 -20 -23 -2 -2 1 -7 -13 -11 -7 -6 -23 -22 -17 -20 -18 5 -6 -26 -35 -24 -6 -7 -19 -15 -26 -20 2 16 18 1 -14 7 11 8 7 3 -1 -10 -11 -6 -12 -15 -14 -16 -23 -11 -10 -13 -13 -10 -5 7 6 9 -2 5 7 2 6
-115 -9999 -9999 -9999 -9999 -9999 -9999 -9999 -9999 -9999 -9999 -9999 -9999 -9999 -9999 -9999 -9999 -9999 -9999 -9999 -9999 50 84 61 14 7 4 6 7 -13 -19 -17 -18 -17 -19 -20 -15 -17 -17 -5 -18 5 2 -7 -8 -1 -6 -14 -11 -9 -7 -2 4 -23 -20 -12 -6 -7 -3 2 1 4 5 0 -8 -16 -39 -5 15 15 7 -8 -23 -20 -38 -32 3 -23 -11 -3 -9 -13 -7 -3 -12 11 6 3 -8 -28 -7 -12 16 21 23 22
-93 -39 -9999 -9999 -9999 -9999 -9999 -9999 -9999 -9999 -141 -164 -9999 -9999 -9999 -9999 -9999 -9999 -9999 -9999 -9999 -9999 91 98 64 12 6 3 6 7 -8 -12 -9 -7 -7 -7 -19 -13 -9 -12 -28 -17 8 4 -9 4 -4 -9 -6 -11 -6 8 -9 -18 -12 -2 -5 -22 -27 -22 -43 -26 -51 -45 -38 -36 -44 -45 -50 -49 -27 -36 -45 -32 -31 -29 -27 -33 -30 -22 -28 -26 -10 4 -6 1 1 13 -13 -33 4 6 -3 30 41 -8
-9999 31 -9999 -9999 -9999 -9999 -9999 -9999 -9999 -9999 -31 -116 -129 -9999 -9999 -9999 -9999 -9999 -9999 -9999 -9999 -9999 -9999 109 69 38 10 15 9 -14 -18 2 2 -31 -32 -16 -6 -12 -12 -28 -1 -40 -9 7 -6 -2 -8 3 -4 1 5 4 -13 -2 9 10 -13 -8 -16 -12 -16 -39 -44 -26 -23 -4 -35 -41 -40 -38 -32 -39 -34 -29 -26 -23 -27 -29 -30 -29 -17 -17 -9 0 -19 -23 -19 -7 -26 -32 -32 -28 22 -9 -9 -45
-9999 -19 -9999 -9999 -9999 -9999 -9999 -9999 -9999 -9999 11 -64 -99 -9999 -9999 -9999 -9999 -9999 -9999 -9999 -9999 -9999 -9999 -9999 90 51 41 22 -1 -4 4 -4 -42 -35 -22 -32 1 -1 -39 -41 -38 -40 -32 5 5 -4 4 -0 -1 -14 -6 -12 -6 17 25 -21 -24 -15 0 8 -22 -36 -35 -23 -40 -38 -40 -37 -37 -33 -30 -29 -24 -26 -21 -17 -16 -20 -18 -18 -18 -20 -17 9 -4 -11 -25 -24 -23 -24 -13 -13 -32 -44 -41 -40
-9999 37 61 -9999 -9999 -9999 -9999 -9999 -9999 -9999 -9999 47 -37 -129 -118 -9999 -9999 -9999 -9999 -9999 -9999 -9999 -9999 -9999 -9999 72 66 45 2 -13 7 -37 -40 -35 -18 -38 -32 -21 -41 -34 -33 -36 -28 -17 -7 -21 -5 5 0 -4 -8 -4 15 24 -18 -27 -12 -10 4 -16 -28 -14 -25 -24 -30 -29 -25 -19 -19 -19 -18 -16 -11 -4 -12 -18 -11 -6 -6 -4 -8 -7 -3 -11 -2 -7 -14 -18 -7 -27 -23 -26 -24 -31 -35 -31
-9999 -9999 85 -9999 -9999 -9999 -9999 -9999 -9999 -9999 -9999 -9999 7 -33 -51 -9999 -9999 -9999 -9999 -9999 -9999 -9999 -9999 -9999 -9999 -9999 45 42 1 -18 5 -31 -34 -35 -27 -30 -49 -44 -36 -35 -27 -36 -34 -20 -11 -7 -15 -18 -24 -9 -2 10 13 -7 -17 -9 -5 -5 -11 -24 -21 -13 -11 -19 -13 -15 -23 -24 -20 -18 -9 -22 -20 -20 -16 -15 -9 1 -4 -3 0 -2 -11 -16 -17 -14 -4 -12 -9 -13 -14 -22 -23 -23 -24 -24
-9999 -9999 105 67 -9999 -9999 -9999 -9999 -9999 -9999 -9999 -9999 81 78 -55 -54 -9999 -9999 -9999 -9999 -9999 -9999 -9999 -9999 -9999 -9999 -9999 12 8 -8 -13 -29 -29 -26 -19 -28 -41 -37 -29 -32 -31 -33 -31 -22 -3 -12 -5 -10 -20 -20 -29 14 15 -2 -0 5 9 9 -12 -6 -3 -7 -2 -6 -10 -17 -12 -27 -26 -25 -9 -10 -14 -17 -8 -1 -2 2 6 5 3 2 1 1 -6 -7 -3 1 -4 -2 -6 -6 -4 -7 -11 -16
-9999 -9999 -9999 -9999 -9999 -9999 -9999 -9999 -9999 -9999 -9999 -9999 -9999 93 37 -43 -9999 -9999 -9999 -9999 -9999 -9999 -9999 -9999 -9999 -9999 31 -11 -17 -16 -20 -18 -17 -23 -15 -23 -28 -30 -28 -24 -28 -27 -30 -32 -16 -32 -5 -5 -9 -27 -52 -45 15 14 -3 7 10 -21 -22 1 10 16 11 6 -12 -28 -23 -18 -24 -22 -4 -9 -17 -13 -3 -15 -12 -2 5 2 6 11 10 -5 -6 -3 1 5 -20 -1 7 7 8 4 4 -2
-9999 -9999 -9999 -9999 -9999 -9999 -9999 -9999 -9999 -9999 -9999 -9999 -9999 64 108 15 -9999 -9999 -9999 -9999 -9999 -9999 -9999 -9999 -9999 -9999 4 4 -0 -11 -6 -11 -14 -18 -19 -19 -26 -26 -26 -23 -25 -23 -22 -34 -26 -39 0 -2 -18 -40 -26 -39 -21 2 -2 -3 -19 -14 -6 6 11 11 -10 11 -8 -13 -16 -16 -18 -20 -7 -1 -15 -5 -19 -9 -9 -2 -3 -2 -4 0 4 -3 1 6 7 -13 -15 -2 -2 -21 -13 -1 -2 3
-9999 -9999 -9999 -9999 -9999 -9999 -9999 -9999 -9999 -9999 -9999 -9999 -9999 27 101 -9999 -9999 -9999 -9999 -9999 -9999 -9999 -9999 -9999 -9999 -9999 -6 -17 1 -24 -18 -0 -3 -6 -11 -13 -22 -22 -24 -21 -23 -25 -26 -27 -28 -28 -1 -1 -23 -29 -29 -32 -5 -13 -8 -17 -21 -14 -5 -5 6 -11 -1 1 2 -4 -6 -15 -18 -12 -20 -10 -8 -15 -20 -13 -18 -13 -17 -6 -2 2 -13 -9 7 -2 -13 -24 -15 -22 -25 -19 -11 -10 -7 -2
-9999 -9999 -9999 -9999 -9999 -81 -9999 -9999 -9999 -9999 -9999 -9999 -9999 -9999 89 -9999 -9999 -9999 -9999 -9999 -9999 -9999 -9999 -9999 -9999 -9999 -22 8 -14 -21 -21 -8 5 -2 -16 -12 -16 -19 -22 -22 -19 -20 -23 -21 -19 -20 2 -25 -38 -19 -33 -16 -4 -22 -9 -11 -9 -8 -6 -6 -14 -13 -10 -10 14 14 4 -7 -9 -5 -11 -3 -9 -13 -17 -12 -13 -18 -23 -10 -11 -5 -11 2 -6 -18 -11 -14 -21 -23 -22 -11 -14 -8 -3 -22
-9999 -9999 -9999 -9999 -9999 -9999 -9999 -9999 -9999 -9999 -9999 -9999 -9999 -9999 -9999 -9999 -9999 -9999 -122 -9999 -9999 -9999 -9999 -9999 -9999 -9999 -9999 -14 -32 -32 -15 -24 5 -4 -20 -10 -11 -16 -20 -18 -17 -20 -21 -18 -13 -7 -7 -37 -44 -39 -42 -34 -8 -15 -4 -7 -4 -9 -10 -10 -11 -5 -12 -10 -10 -5 12 3 -2 -5 -5 -4 -6 -13 -19 -13 -17 -14 -19 -19 -31 -26 -19 -10 -11 -14 -25 -25 -23 -19 -21 -15 -19 -32 -12 -53
-9999 -9999 -9999 -9999 -9999 -26 -91 -9999 -9999 -45 -9999 -9999 -9999 -9999 -9999 -9999 -9999 -26 -97 -89 -9999 -9999 -9999 -9999 -9999 -21 -7 -49 -27 -13 -9 -23 -6 -0 -18 -12 -12 -13 -16 -15 -13 -18 -17 -18 -27 -14 -20 -22 -32 -29 -25 -24 -11 -14 -6 -10 -8 -4 -2 -4 -5 -0 0 -2 4 0 9 7 0 -0 -3 -4 -3 -11 -17 -12 -11 -19 -21 -23 -19 -18 -22 -15 -9 -11 -10 -16 -17 -16 -14 -15 -33 -42 -43 -37
-9999 -9999 -9999 -9999 -9999 -9999 -8 -9999 -9999 -84 -9999 -9999 -9999 -9999 -9999 -9999 -9999 71 -7 -40 -9999 -9999 -9999 -9999 -9999 -9999 -14 -24 -28 -17 -10 -4 3 2 1 -7 -13 -13 -13 -14 -13 -18 -13 -26 -12 -6 -14 -31 -31 -22 -13 -4 -15 -10 -11 -8 -9 3 1 5 1 7 6 3 2 4 9 15 2 -2 -2 2 -6 -10 -8 -9 -10 -11 -15 -16 -22 -22 -14 -13 -15 -16 -11 -14 -14 -14 -17 -16 -23 -27 -26 -30
-9999 -9999 -9999 -9999 -9999 -9999 -9999 -49 -74 -78 -76 -9999 -9999 -9999 -9999 -9999 -9999 -9999 -9999 -31 -9999 -9999 -9999 -9999 -9999 -9999 -16 -19 -25 -9 -16 -17 -22 -23 -13 -0 -7 -15 -19 -14 -14 -16 -11 -30 -28 -0 -9 -29 -23 -14 -3 -9 -19 -15 -8 -8 1 6 14 10 11 15 12 13 11 10 4 8 7 1 7 -2 -8 -7 2 3 1 1 -5 -11 -11 -13 -20 -22 -20 -20 -14 -10 -13 -16 -21 -20 -20 -21 -17 -26
-9999 -9999 -9999 -9999 -9999 -9999 -9999 42 45 -39 4 -9999 -9999 -9999 -9999 -9999 -9999 -9999 -9999 -64 -9999 -9999 -9999 -9999 -9999 -9999 -49 -18 -20 -2 -8 -11 -12 -11 -16 6 0 -13 -16 -14 -19 -10 -10 -30 -29 -1 -24 -25 -18 -8 -6 -18 -10 -13 -12 -10 -6 -5 2 -0 8 14 4 10 12 5 7 13 6 0 8 -0 -11 1 -11 -19 -25 -20 -21 -11 -7 -16 -18 -27 -32 -21 -21 -7 -13 -10 -17 -16 -20 -17 -16 -16
-9999 -9999 -9999 -9999 -9999 -9999 -9999 61 32 49 -13 -9999 -9999 -9999 -9999 -9999 -9999 -9999 -9999 -53 -99 -9999 -9999 -9999 -9999 -61 -55 -21 -13 -2 -10 0 -1 -5 -10 -3 11 0 -15 -13 -22 -12 -15 -27 -27 -7 -28 -21 -11 -5 -7 -19 -11 -14 -22 -3 3 7 12 4 6 11 16 17 13 13 16 13 8 8 4 -7 -3 -7 -15 -17 -19 -25 -21 -20 -12 -19 -17 -19 -27 -31 -25 -5 -2 -8 -10 -12 -15 -16 -14 -10
-9999 -9999 -9999 -9999 -9999 -9999 -9999 -9999 123 75 58 -9999 -9999 -9999 -9999 -9999 -9999 -9999 -9999 -45 -48 -87 -9999 -9999 -58 -37 -33 -10 10 -6 -2 4 1 -1 -3 -5 -3 -2 -5 -18 -19 -14 -15 -21 -33 -7 -26 -16 -11 -5 -7 -12 -16 -18 -20 -21 4 12 3 -3 17 13 12 11 14 11 13 8 13 11 6 2 0 -14 -22 -18 -29 -35 -28 -17 -11 -21 -14 -31 -32 -24 -12 -6 4 -2 -4 -7 -4 -4 -5 1
-9999 -9999 -9999 -9999 -9999 -9999 -9999 -9999 -9999 -9999 57 33 -9999 -9999 -9999 -9999 -9999 -9999 -9999 -76 -43 -60 -104 -98 -27 -18 -16 -10 -4 -8 7 8 1 2 7 5 1 1 0 -10 -14 -10 -20 -17 -31 -29 -20 -14 -7 1 -4 -17 -16 -15 -16 -10 4 5 -2 6 12 17 16 17 16 14 13 7 16 13 3 4 -7 -15 -21 -27 -20 -23 -27 -31 -21 -13 -14 -29 -28 -24 -26 -21 -9 0 -1 -6 -10 -14 -13 -3
-9999 -9999 -9999 -9999 -9999 -9999 -9999 -9999 -9999 -9999 -9999 84 -9999 -69 -9999 -9999 -9999 -9999 -72 -81 -38 -37 -62 -61 -6 -13 -30 -18 -15 -5 9 4 8 12 11 -3 -4 1 5 3 -3 -11 -37 -29 -23 -31 -24 -19 -12 -2 -12 -17 -8 -14 -27 -13 10 7 13 11 10 9 9 17 20 20 10 3 3 -0 3 2 -4 -10 -13 -23 -32 -34 -26 -21 -23 -23 -16 -22 -17 -19 -32 -24 -12 -0 -9 -10 -4 -10 -14 -17
-9999 -9999 -9999 -9999 -9999 -9999 -9999 -9999 -9999 -9999 -9999 -9999 -9999 -9999 -9999 -9999 -9999 -9999 -54 -53 -36 -35 -45 -46 -6 -14 6 2 -3 3 2 2 18 0 -10 -5 1 6 6 12 8 -22 -35 -40 -27 -25 -23 -20 -18 -10 -13 -9 -4 -3 -15 -11 3 20 19 15 14 18 21 20 15 18 9 8 -5 3 -2 -9 -6 -10 -12 -16 -19 -21 -20 -11 -21 -19 -17 -20 -24 -19 -24 -24 -11 -1 -9 -12 -6 -2 -9 -11
-9999 -9999 -9999 -9999 -9999 -9999 -9999 -9999 -9999 -9999 -9999 -9999 -9999 9 -9999 -64 -83 -78 -47 -19 -32 -31 -18 -29 -11 -29 4 25 12 9 14 11 5 -5 -0 1 5 10 0 10 8 -28 -37 -35 -33 -18 -20 -15 -15 -9 -12 -7 2 5 -21 6 23 25 18 19 19 25 16 10 17 10 10 3 8 1 -2 -4 -11 -7 -13 -9 -11 -14 -12 -13 -22 -17 -14 -14 -16 -18 -24 -24 -13 -16 -2 -6 -7 -2 -6 -5
-9999 -9999 -9999 -9999 -9999 -9999 -9999 -9999 -9999 -9999 -9999 -9999 -9999 -9999 36 -34 -43 -19 4 -10 -25 -27 -15 -19 -21 -26 -5 14 -4 16 17 15 -3 0 -2 3 1 -1 1 14 -1 -12 -24 -20 -29 -24 -21 -14 -10 -8 -7 1 7 -6 -11 -0 23 -3 3 23 16 14 22 18 14 10 7 -6 5 -6 -2 -12 -14 -11 -12 -5 -16 -16 -16 -22 -19 -14 -15 -19 -24 -20 -25 -14 -19 -21 -11 -2 1 -11 1 -3
-9999 -9999 -9999 -9999 -9999 -9999 -9999 -9999 -9999 -9999 -9999 -9999 -9999 -9999 57 39 -31 -5 -6 -4 -2 -21 -9 -9 -12 -14 -18 3 2 15 3 8 4 3 1 1 3 2 3 12 -6 -11 -8 -21 -22 -20 -20 -18 -12 -3 -1 9 -0 8 -8 -2 4 2 12 16 14 11 22 13 3 0 -10 -12 -13 -7 -3 -5 -3 -3 -3 -14 -10 -12 -14 -16 -21 -21 -18 -17 -16 -22 -29 -15 -24 -27 -15 -11 -19 -27 -3 -3
-9999 -9999 -9999 -9999 -9999 -9999 -9999 -9999 -9999 -9999 -9999 -9999 -9999 -9999 -9999 85 54 2 7 -2 13 10 -3 -4 -6 -8 -12 -13 10 12 12 9 8 6 4 3 1 3 2 5 -8 2 -2 -15 -14 -15 -16 -16 -11 -6 -3 -25 -47 8 0 -4 -0 -7 1 10 11 2 9 -3 2 3 -20 -15 -17 -11 -8 -1 -0 0 -4 -9 -5 -11 -18 -16 -18 -23 -20 -18 -19 -18 -21 -25 -18 -23 -19 -18 -17 -14 -22 5
-9999 -9999 -9999 -9999 -9999 -9999 -9999 -9999 -9999 -9999 -9999 -9999 -9999 -9999 -9999 -9999 95 43 -13 15 18 17 0 0 -2 -4 -6 -8 -7 -4 14 11 9 5 3 -0 -6 4 -0 -4 -3 5 -0 -0 -9 -12 -13 -13 -8 -3 -28 -44 -49 -30 17 3 -20 -24 -20 -2 -2 6 -0 -3 5 -11 -18 -16 -8 -5 -1 3 0 -0 -5 -2 -4 -5 -9 -17 -18 -21 -25 -22 -19 -17 -22 -29 -21 -11 -12 -4 -7 -9 2 16
