reca/docs/data/PA5_1997_2017_CPRISTINE_S30kmFill_V.asc
ncols 813
nrows 670
xllcorner 112.925
yllcorner -43.575
cellsize 0.05
NODATA_value -9999.0
[rows 424 to 476 of 670, columns 672 to 767 of 813]
19 14 -1 -18 -23 -20 -35 -38 -22 -9 22 20 49 42 37 38 27 23 32 24 13 8 3 -2 -1 -3 -2 -1 13 21 19 22 23 28 28 21 16 6 -7 -8 12 13 -5 -3 -13 -6 51 72 61 38 23 2 -6 4 10 1 12 7 -0 -6 -12 -25 -36 -38 -48 -30 -2 25 11 14 17 13 6 5 4 3 -5 -13 -24 -35 47 55 43 52 43 29 15 0 -5 -1 -11 -9 -23 2 -25 -21
16 6 -4 -17 -28 -28 -33 -43 -46 -25 14 6 38 39 35 30 31 29 26 20 12 4 3 -6 -8 -1 -1 13 20 25 28 27 25 25 23 21 17 4 -7 -8 2 -7 -23 -23 -22 7 72 77 54 37 17 17 12 11 5 8 13 4 -4 -1 -11 -25 -29 -43 -51 -58 -13 11 -19 -14 17 15 -3 16 23 9 2 13 -21 -26 17 46 25 38 49 29 11 8 -5 -7 -7 -18 1 -7 -23 -47
18 7 -0 -17 -25 -33 -39 -32 -33 2 5 17 40 40 33 27 26 26 18 16 12 7 2 -2 -7 -2 3 11 7 17 25 28 22 21 21 18 15 2 -2 3 4 -11 -23 -42 -29 -1 21 72 57 39 22 12 15 0 19 15 9 -0 -6 -3 -7 -18 -27 -20 -31 -34 -17 19 -19 -16 1 4 -7 1 0 11 9 7 -13 9 1 70 32 42 45 28 17 6 -10 -17 10 -23 -19 -15 26 6
-0 20 4 -15 -24 -29 -30 -38 -36 -4 7 5 10 38 38 27 23 22 20 9 4 4 2 -1 1 -1 7 14 7 16 18 17 12 8 15 19 15 14 18 11 1 -6 -9 -27 -22 10 28 44 52 40 30 15 7 2 18 10 2 7 3 -3 -1 -17 -20 -36 -42 -33 -43 10 3 -11 4 9 13 8 -4 14 14 6 -9 -25 -22 30 33 43 51 37 25 7 -17 -10 -7 -25 -13 50 41 26
13 17 4 -12 -15 -17 -9 -18 -23 -14 10 15 -5 27 39 32 24 21 15 8 1 2 -0 1 -6 -7 16 13 7 11 27 22 16 13 11 12 9 23 21 6 -0 -3 -8 -19 -19 6 30 53 30 33 28 13 2 1 14 9 2 2 3 8 6 -7 -21 -28 -30 -44 -54 -7 10 -14 -1 21 22 31 25 22 14 7 -7 -25 -24 -3 24 23 21 40 27 8 -2 2 -3 -22 3 47 34 1
1 15 12 -6 9 0 7 -4 -13 -21 -4 16 6 9 27 33 26 16 12 10 7 4 -3 -4 -8 -5 11 16 12 14 20 12 12 11 8 10 17 24 18 5 -5 4 -11 -17 -16 10 35 45 26 37 23 13 3 -2 6 5 3 -1 -1 1 -4 -11 -22 -24 -23 -24 -34 -0 3 -3 -15 -17 9 18 32 28 17 11 -6 -12 7 -25 10 27 32 28 15 4 19 18 5 -2 20 33 17 -18
-17 0 20 21 22 17 13 12 4 -1 6 5 9 0 15 23 20 15 9 10 10 3 -5 -8 -9 -11 3 2 13 12 24 17 10 12 7 10 8 24 27 13 -4 2 -15 -15 -1 39 43 38 42 27 19 16 8 2 -5 -0 -1 -1 5 -1 2 -0 -5 -15 -16 -8 -21 -17 -18 -8 -13 -14 -13 -0 26 26 23 16 -4 -15 -0 -10 20 3 44 28 26 9 3 28 18 18 17 36 23 -14
-13 -13 -1 22 8 -13 -13 22 33 20 6 14 19 6 10 10 19 16 10 12 9 3 -6 -9 -9 -11 -6 2 16 8 19 18 9 4 1 15 14 17 16 8 -0 -11 -2 4 39 44 20 35 23 27 19 13 5 4 -1 -1 -8 2 -2 0 -0 -4 -1 -9 -3 6 -5 -14 -8 -14 -11 -26 -6 -14 4 22 17 15 3 0 -23 -3 -9 25 39 39 25 21 14 13 -6 -13 42 29 21 -14
-4 -7 14 5 3 -17 -22 5 23 23 13 7 8 17 24 13 13 18 14 8 6 1 -10 -7 -13 -8 -2 14 22 17 16 13 5 -4 4 11 21 22 18 14 1 -5 6 20 35 24 25 37 19 10 19 10 5 5 3 -7 -2 19 8 5 6 8 -12 -13 -1 11 11 3 9 -4 -14 -30 -4 -8 6 10 2 13 6 -4 -13 -3 12 19 22 30 30 25 5 11 -14 -24 -17 -10 24 2
18 17 1 3 -2 -20 -16 28 22 20 23 23 8 25 28 21 10 7 11 5 1 -0 -16 -6 1 0 8 25 23 18 16 9 -1 -4 14 17 18 25 22 32 10 -3 -15 -8 34 24 27 29 18 8 5 4 -3 10 2 8 9 2 14 13 7 4 -1 4 -2 -2 14 7 5 -0 -4 -19 -22 -7 12 10 11 9 9 5 2 8 23 24 26 19 10 13 3 6 -5 -29 -2 -14 -31 -51
-8 -28 0 2 -18 7 20 28 24 29 36 27 19 34 29 24 19 6 -1 1 -1 -8 -23 -17 -2 1 4 20 18 15 8 4 3 3 10 16 27 21 17 37 28 17 -13 2 21 24 28 18 16 5 -3 3 7 -4 -4 13 18 21 12 19 7 4 5 6 -4 15 25 11 6 3 -2 -7 -23 -17 -12 5 -0 4 7 8 9 11 18 26 18 9 0 2 -0 4 -9 -23 17 14 -38 -66
-35 -34 -0 -1 -9 12 26 7 5 37 34 24 11 19 24 16 19 11 3 -2 -9 -7 -16 -16 -3 6 5 17 18 6 -1 -4 -4 -6 2 17 24 14 30 49 39 13 10 35 32 26 8 17 2 -5 -4 -9 -6 -10 -2 11 12 26 28 25 26 20 14 -6 1 21 4 11 -4 7 -3 -7 -3 -14 -9 -12 -7 -4 -0 8 8 13 11 13 3 1 8 8 5 4 -17 -28 -12 -44 -8 -87
-32 -17 -15 -4 3 19 14 -5 -9 28 25 26 16 10 4 1 19 8 1 -5 -5 -9 -13 -8 3 10 7 6 5 -5 -9 -10 -10 -4 -2 11 13 24 27 44 39 28 22 9 3 -8 14 21 6 -4 3 0 -7 -9 1 10 11 24 16 12 16 11 16 -5 10 10 5 1 0 1 0 -5 -8 -1 0 -1 -1 1 4 4 3 7 5 -1 -1 7 3 6 4 -4 -18 -27 -50 -63 -86 -23
-19 -34 -30 -13 2 20 15 -5 -10 22 33 26 21 17 9 -0 7 3 8 1 -0 -1 3 1 -1 3 12 3 -5 -10 1 -17 7 8 1 8 19 25 24 38 30 15 13 12 -12 -2 13 20 12 4 13 9 1 14 12 6 1 -8 -7 -9 -10 4 -0 3 9 10 -0 -3 1 3 2 1 4 9 7 5 7 3 1 2 -2 -1 0 -3 1 1 1 7 3 2 -22 -26 -61 -46 -47 -56
-8 -25 -23 -0 27 23 14 3 -8 27 21 25 14 16 16 12 12 10 14 7 1 4 2 6 -2 12 14 4 -9 -11 -12 -21 2 12 18 19 33 17 25 27 15 12 3 -8 26 28 20 14 11 12 6 3 1 6 -2 -1 2 0 1 -1 4 17 16 9 8 -3 -4 -5 -7 -9 3 -0 7 16 6 4 15 6 4 -1 4 -5 -7 -11 6 -1 -5 4 7 -4 -20 -44 -55 -57 -40 -46
4 -7 -16 3 24 21 9 2 -11 -3 2 14 16 16 28 18 16 12 15 10 11 4 8 2 -1 20 15 7 -8 -15 -10 -19 1 14 26 19 28 20 11 12 18 32 6 4 23 27 24 13 6 3 9 -1 2 -10 -2 7 1 3 0 6 10 18 18 13 3 -3 -7 -12 -17 -7 1 2 5 4 6 0 10 7 8 2 -1 -6 -8 -6 -24 -3 -6 4 -6 -13 -24 22 -28 23 40 49
-3 4 -5 25 24 19 9 -1 -14 -7 -6 28 24 21 17 12 30 24 16 18 14 12 10 10 15 19 13 3 -5 -17 -11 -16 -1 7 25 28 23 17 6 6 26 27 5 17 20 19 18 12 3 0 -2 -4 -3 -10 1 8 6 10 -1 4 8 11 14 4 3 0 -3 -10 -12 -11 -10 -1 1 2 4 2 10 8 4 5 -4 -1 -4 -6 -9 0 -5 2 -6 -11 -5 -34 -10 -39 -16 7
2 0 -12 6 23 10 4 -3 -13 8 31 40 22 14 8 -1 6 2 35 21 25 24 10 10 21 22 13 3 -7 -16 -17 2 3 12 26 14 16 15 7 10 21 17 14 21 17 18 15 11 -4 -5 3 7 -1 -2 12 20 12 9 6 -2 1 10 18 14 5 2 -4 -5 -13 -5 -9 -1 3 4 4 3 3 6 5 5 -3 -3 -4 -7 -9 -7 -6 -9 -2 -19 -25 -11 -14 -10 15 49
-14 -0 -6 -17 -7 0 -1 -12 -3 9 35 33 33 18 11 1 -9 -17 -6 28 33 26 22 15 15 17 14 3 -6 -13 -13 7 5 8 27 21 17 20 28 27 22 18 16 9 7 5 -3 -1 -8 -6 8 15 13 1 9 16 16 5 5 3 -6 -9 16 19 10 9 10 0 -7 -12 -2 -10 -0 6 4 5 3 4 1 5 -1 -9 -1 -7 -3 -9 -12 -12 -2 -24 -1 -8 -7 -2 9 26
-8 6 -4 -21 -27 -16 -22 -21 -0 36 33 19 30 27 17 2 -4 5 -12 2 16 12 19 20 16 7 11 3 -2 -12 -2 16 -3 5 11 18 28 42 30 30 15 20 23 21 7 1 -2 -1 -1 2 3 16 17 12 11 19 13 7 1 4 -4 -3 -4 11 8 11 2 6 9 2 4 -4 -4 -2 -3 5 4 1 -1 3 -2 -9 -6 -3 -2 -5 -9 -28 8 23 21 13 -8 32 6 8
-26 -1 -14 -26 -27 -22 -12 5 20 35 34 10 35 32 17 -1 -9 11 -11 -22 18 21 19 16 15 9 6 3 -8 -12 -10 13 -2 8 19 20 48 41 23 25 11 12 17 24 14 3 10 4 4 11 13 16 16 18 14 12 6 3 5 2 -5 -12 -10 -20 1 21 14 6 7 7 -1 -5 4 5 4 7 4 -2 -4 3 1 -15 0 -1 -9 -11 -6 -7 4 12 10 7 3 -7 1 -12
-37 -19 -25 -28 -12 4 19 14 8 23 24 6 24 31 17 2 -5 13 -7 -17 2 30 25 14 10 9 1 -4 -3 -7 -23 1 35 25 32 32 50 36 16 8 6 14 7 5 17 9 13 7 6 9 5 20 15 10 7 10 3 -2 7 8 -4 -9 -3 -15 -13 21 14 6 13 14 16 9 5 3 1 -0 4 -2 -5 2 1 -6 -10 -3 -14 3 12 12 2 -9 -9 9 -2 -13 1 -2
-12 -19 -18 -8 -20 -10 -10 -4 21 19 13 3 9 29 21 11 0 9 -2 -12 -15 13 26 16 13 10 4 -1 -4 -4 -17 -13 18 26 32 37 46 27 8 8 9 6 2 4 -2 2 6 11 7 2 16 15 5 13 9 9 4 3 5 4 6 -7 -6 -14 16 18 -2 10 8 13 4 7 5 -6 2 13 5 -2 -6 -0 -7 -2 -12 -8 9 3 -3 9 -7 -8 -19 -18 -12 -21 27 11
-5 -6 -17 -11 -4 -5 -8 -8 8 10 16 31 27 29 24 28 7 -9 9 -9 -31 -8 22 16 12 10 8 1 -3 -5 -10 -4 -11 3 39 48 45 24 6 2 12 4 0 7 4 7 -4 6 3 4 21 10 -4 15 8 3 7 3 5 8 9 0 -5 -13 3 2 2 7 12 -7 7 -3 1 -2 -2 9 -2 -0 -3 -3 -9 -19 2 1 -3 2 -8 -6 -1 -8 -12 -26 -30 -16 -16 -15
-4 -13 2 -9 -18 2 16 7 7 -2 5 8 15 20 22 29 11 -4 7 -12 -32 -1 12 9 8 7 7 5 4 2 -5 11 21 12 39 48 37 19 7 5 2 4 15 4 4 12 -2 -1 -4 4 13 14 6 14 6 -7 6 6 2 5 1 2 3 -7 4 3 3 11 7 -5 -2 -2 3 -8 -14 4 0 -1 6 -5 -10 -16 -7 7 -14 2 -6 -5 1 -1 -8 -5 -17 -23 -29 -27
1 -9 1 0 -10 -18 12 25 18 7 6 6 17 21 16 19 9 2 2 -20 -19 7 2 -3 1 8 3 10 6 4 -8 -5 5 15 23 33 34 20 25 16 -1 1 11 -3 3 13 10 12 -4 -3 5 8 6 1 -1 -6 7 4 -4 -2 6 1 9 2 -1 5 3 3 -2 -6 -5 5 -8 -7 -18 7 13 0 9 -5 2 -12 -14 -0 -8 -1 -17 -13 -1 6 -6 -21 -27 -39 -31 -32
5 3 1 -5 -12 -4 5 25 24 -2 -6 2 16 16 8 10 5 4 -13 -22 -7 -3 -1 -8 1 -6 -9 11 8 6 -8 -14 -17 -18 19 33 39 25 25 7 -1 10 -0 -3 3 4 -0 6 1 -4 -5 15 6 -4 -4 -11 -6 -10 4 7 5 2 11 14 2 -3 1 12 -4 -1 5 -1 -13 -13 -17 -3 8 2 7 4 4 -7 -2 -16 -14 -18 -24 -37 -13 22 5 -8 -18 -28 -37 -42
-12 -6 12 6 7 2 10 30 23 10 8 9 26 11 3 5 4 -6 -13 -6 -8 -9 -16 -13 -3 -10 -9 13 17 3 -5 -8 -19 -22 -3 33 31 23 18 7 1 3 3 5 5 4 -7 5 2 -7 -8 0 1 8 -2 8 -16 -12 1 2 -3 9 3 15 8 5 -1 -20 4 -11 -13 -12 -14 -2 -15 -11 10 6 -3 -7 6 -8 -7 -19 -18 -13 -18 -34 -32 4 18 -4 -13 -22 -30 -27
-27 -10 14 18 20 24 19 20 22 2 -2 -10 9 0 7 12 2 -6 1 -6 -12 -12 -19 -16 -9 -8 -18 10 16 4 -3 -6 -20 -13 -0 18 23 22 17 7 4 -0 9 5 10 -1 2 3 -3 -12 -21 -4 -8 7 25 10 13 -6 -8 -2 -3 -3 5 10 7 4 2 -3 -30 -6 -13 -14 -30 9 5 3 6 -8 -5 -12 -3 15 -16 -20 -23 -19 -22 -26 -20 5 11 -1 -10 -20 -29 -31
-10 -19 -15 7 20 14 17 19 14 2 -5 -11 10 -4 2 16 9 -2 -4 -14 -3 -6 -12 -12 -7 -7 -15 -4 2 8 -0 -9 -21 4 8 15 23 15 16 4 -1 6 11 3 3 -9 23 6 -6 -9 -17 -9 2 5 -10 11 13 -4 1 6 7 -5 -2 0 10 10 -0 -2 -16 -18 -12 -17 -19 -5 0 5 3 -9 -6 -21 -19 -17 -10 23 -13 -21 -21 -23 -36 -40 -8 -12 -24 -10 -47 -32
4 6 -7 5 17 18 16 19 13 -1 -1 -4 -4 -7 -1 12 4 -4 -7 -11 -0 -1 -5 -2 -6 -9 -9 -13 -11 1 5 -10 -3 6 5 6 15 14 22 15 2 3 3 -1 -10 -6 22 7 -8 -20 -14 -10 10 12 -7 26 26 10 10 -1 -4 -7 -5 -12 -0 13 -1 -7 -17 -25 -15 -20 -18 -10 10 9 7 2 -17 4 2 -28 -11 13 5 -14 -17 -19 -23 -40 -13 -25 -23 -23 -25 -35
10 -2 7 0 8 16 20 28 17 3 -5 3 -8 -11 -7 12 7 1 -1 3 2 -4 -3 3 -0 -9 -13 -15 -13 1 1 -12 -14 10 8 -9 11 30 26 6 3 -0 -3 -10 -11 6 17 -1 -18 -25 -18 -14 20 14 -4 24 32 21 6 10 8 -5 -12 -14 -10 5 3 -12 -4 -3 -22 -10 -21 -20 -13 5 1 -7 0 -11 -16 -20 21 -8 -4 -3 -16 -13 -21 -32 -30 -28 -32 -42 -35 -31
2 -9 -11 -1 6 16 25 19 27 10 3 -3 -12 -9 -2 16 7 3 12 12 4 -2 1 6 1 -5 -4 -8 -8 6 1 -8 -12 4 -6 -12 7 15 22 11 8 2 -5 -7 -13 -4 9 1 -20 -24 -13 -11 23 23 11 5 22 21 -0 6 -1 4 -4 -7 -7 -0 -5 -12 -15 -8 -13 -17 -28 -12 5 -1 4 4 -7 -8 -4 -15 13 -9 -1 -1 -14 -18 -29 -34 -39 -35 -40 -46 -30 -21
3 -1 -7 16 9 9 10 11 20 11 1 -9 2 8 5 11 11 5 4 8 5 -6 -4 12 2 -2 -5 4 1 2 0 -2 -4 12 -8 -10 10 34 18 5 -9999 -0 2 -11 -5 -4 9 1 -19 -20 -18 -6 6 22 14 9 11 8 -2 2 1 2 3 -6 -11 -11 -11 -8 -7 -20 -14 -26 -20 -15 -20 -9 -3 9 -9 -8 2 -9 9 7 7 -10 -11 -17 -28 -30 -38 -35 -32 -34 -17 -44
9 3 -3 11 15 20 19 22 17 20 8 3 16 5 2 4 15 6 4 6 -3 -2 9 14 13 5 -1 9 4 5 6 -7 1 18 -7 -13 30 32 21 3 -6 -4 0 -2 25 16 11 -2 -14 -17 -4 2 8 13 20 12 16 12 1 1 9 1 -9 -3 2 -9 -14 -19 -5 5 -8 -21 -12 -14 -31 -17 -7 2 -2 -6 26 3 -3 15 -0 -1 -12 -17 -30 -20 -33 -38 -38 -26 -10 -59
12 -3 0 12 21 21 26 20 21 19 7 3 11 2 7 -4 3 11 9 6 -7 29 15 9 16 12 3 3 4 8 5 -7 13 13 -9 2 19 33 19 10 -2 -5 -14 -11 40 19 8 1 -11 -23 -4 11 0 -4 15 14 5 5 -1 -4 -22 0 -7 -7 -7 -6 2 -22 -11 -4 -3 -16 -22 -30 -25 -14 -5 7 -7 -19 -0 2 6 1 4 -3 -8 -15 -33 -36 -22 -28 -25 -44 -12 -32
3 -4 5 28 11 13 33 35 27 26 24 12 10 7 6 0 3 11 7 13 -1 18 15 3 5 9 6 8 11 8 3 4 22 4 -14 -1 17 -5 15 11 -4 -9 -28 -32 3 10 4 1 -6 -18 -3 13 -6 4 31 15 9 9 6 3 2 -11 -11 -8 -17 -18 -10 -23 -25 -14 -27 -29 -23 -28 -29 -18 -14 8 3 13 -5 19 3 3 -1 -15 -9 -26 -22 -30 -18 -27 -12 -24 14 -35
11 11 9 22 27 7 5 36 32 32 30 23 15 10 9 6 7 9 9 8 4 -1 -2 -6 -5 20 25 14 9 4 -4 14 8 -10 -9 7 10 -8 18 10 -1 -21 -24 -25 -5 19 13 14 -4 -14 -18 5 -9 8 17 4 -2 -4 7 -9 -3 -5 10 2 -2 -8 -15 -18 -30 -26 -29 -15 -29 -33 -25 -18 -5 -6 9 5 -6 5 10 2 -12 -11 -14 -18 -23 -29 -24 -7 -7 16 -19 -8
20 15 14 22 25 6 10 8 11 13 24 27 16 17 18 18 10 11 5 13 5 4 3 -0 -9 6 17 8 6 6 -1 6 0 -11 -3 -9 11 -5 -5 7 -5 -16 -18 -28 -12 10 3 13 11 -3 -15 -0 -1 -0 15 10 -10 -2 3 -5 -6 -15 -11 7 1 5 -12 2 -24 -37 -44 -31 -33 -37 -36 -11 -2 4 4 21 -13 -12 -9 -14 -15 -8 -14 -25 -26 -36 -33 -22 1 1 -28 -36
25 9 0 8 5 7 7 -4 13 7 24 22 12 16 21 20 22 18 12 14 7 5 1 -2 -9 14 10 1 9 7 6 -4 -12 8 13 5 6 11 19 4 1 -14 -17 -19 -13 -16 -8 23 14 17 2 0 -4 -8 4 -0 -6 8 -5 -4 -2 -8 -21 3 -10 27 1 -4 -24 -46 -50 -36 -48 -50 -20 -2 6 2 -6 -7 -7 -13 -28 9 -15 -21 -17 -24 -22 -29 -12 -11 -19 -17 -27 -48
20 13 0 16 9 11 5 -1 6 -1 23 16 8 12 20 12 6 24 20 14 9 7 6 2 -1 15 6 4 15 18 17 6 6 19 14 15 11 -3 7 -3 -4 -8 -14 -9 -25 -5 11 37 41 35 24 10 -3 -12 -16 -4 -6 5 -5 -8 -7 -12 -8 -6 -12 28 26 13 -22 -39 -33 -43 -37 -45 -12 -2 -5 -8 -14 -11 -3 -6 -19 -20 -5 -6 -13 -23 -25 -25 -10 -20 -31 -25 -29 -77
7 15 27 12 19 11 1 -1 -1 5 21 28 17 14 17 11 3 23 22 8 10 22 7 4 2 12 10 1 3 9 2 -12 -18 17 16 17 13 7 -2 -5 -9 -11 -20 -16 -16 20 38 62 58 28 14 11 -4 -16 -6 -7 22 20 6 2 -5 -21 -28 -7 26 48 31 7 -8 -31 -46 -57 -6 -18 -20 -7 -15 -18 -17 -22 17 -1 -14 -21 3 -8 -18 -26 -20 -16 -2 -11 -60 -37 -37 -76
10 8 18 20 19 13 -4 -14 -17 -8 19 25 16 11 11 -1 3 18 8 9 7 5 -0 1 15 9 14 6 5 -4 -3 -9 -13 4 9 19 8 -7 -5 12 -11 -9 -12 -23 -16 22 30 53 56 37 31 15 -6 -17 -21 -20 6 -7 12 10 -7 -22 -29 -38 -12 35 42 24 -2 -20 -44 -65 -25 -19 -21 -7 -2 3 -21 -18 -25 -32 -19 49 22 6 -6 -10 -17 -25 -19 -6 -70 -62 -64 -89
3 14 29 24 13 9 -2 -13 -12 12 -12 9 25 8 -1 13 -9999 18 14 18 8 9 26 -6 20 3 1 1 2 -7 -8 -6 20 -2 -11 -3 -1 4 1 11 -8 -3 -8 -21 -13 14 32 39 44 47 36 16 -2 -18 -23 -25 -27 -23 23 10 -9 -17 -33 -47 -14 53 46 -1 -1 -23 -47 -75 -38 -23 -17 -9 -7 -16 -22 -42 -51 -55 -68 35 12 9 -1 -13 -8 -13 -33 -18 -61 -44 -78 -127
2 20 37 29 10 -0 -2 -8 -15 6 -34 -11 19 5 -6 1 -9999 18 29 20 17 9 14 12 14 -2 -7 -10 -10 -6 -20 -7 32 4 7 -2 1 4 4 1 -8 -6 -7 -18 10 11 27 25 32 30 25 21 1 -9 -21 -22 -30 -1 18 5 -8 -18 -32 -47 -36 16 -3 -17 -19 -28 -52 -72 -45 -47 -16 1 3 -6 -24 -48 -68 -29 -25 35 20 6 -2 -38 -1 -25 -29 -35 -56 -9999 -109 -9999
-6 9 41 32 12 -6 -16 -19 -19 -9 -11 -14 23 1 -7 -19 -38 -9999 27 41 13 -3 -12 51 9 -5 3 -3 -5 -5 -18 4 26 16 5 9 8 4 2 12 8 2 -5 -14 -1 13 39 30 12 21 17 25 6 -3 -12 -21 -25 4 7 5 -4 -8 -27 -47 -51 -40 -28 -31 -17 -24 -43 -65 -85 -76 -17 3 1 -8 -29 -27 -8 -41 2 38 24 4 -17 -20 -26 -1 -23 -45 -48 -83 -9999 -189
-8 -12 33 28 5 -8 0 -4 -8 -8 -1 20 12 -2 1 -15 -66 -9999 -9999 67 7 -7 -28 28 14 -5 13 2 -5 -6 -18 -23 3 17 16 9 2 6 8 5 3 -1 5 -5 -14 -14 37 23 18 17 11 23 3 -3 -9 -19 -19 -12 -8 -6 -2 -10 -21 -26 13 9 -5 -15 -30 -12 -47 -46 -64 -76 -11 4 9 -4 4 -29 8 -39 10 53 30 -5 -29 -16 5 7 -14 -16 -26 -71 -153 -9999
-4 -2 32 19 3 -1 -1 -3 9 7 15 5 6 -7 -2 -16 -46 8 -9999 46 5 -12 13 -0 16 11 16 7 -7 -8 3 -0 -4 14 17 8 2 -0 17 13 7 15 17 14 -7 -18 37 26 19 16 3 -4 5 7 2 -12 -18 -16 -15 -10 -9 -6 -21 -27 26 -3 25 25 -7 -30 -50 -24 -48 -78 -6 19 11 -12 3 -34 -38 -58 38 59 28 -5 -26 -20 3 6 8 -19 -62 -69 -167 -9999
7 32 26 13 6 -4 4 -10 -2 -1 -4 -5 7 -3 -11 -16 -26 -10 35 28 2 -15 -11 29 26 30 20 7 11 9 6 1 14 16 2 1 17 0 -7 1 -1 13 13 10 -6 -20 30 18 14 21 11 14 19 13 7 -1 -7 -12 -19 -3 -7 -17 -5 13 5 6 1 -0 -32 -36 -44 -33 -27 -63 -36 21 2 -9 -34 -25 -42 -24 18 51 25 -1 -24 -27 -18 12 -4 -16 -61 -107 -188 -9999
4 10 24 18 14 -4 2 4 -1 -3 -7 -9 5 -26 -15 -17 -10 35 37 22 3 -20 -12 -28 -3 11 27 10 9 19 15 6 14 7 -3 19 15 2 -11 -1 -1 4 10 6 -15 4 27 27 16 20 6 24 28 19 8 1 2 -6 -13 -12 -11 5 8 13 -14 -4 10 -1 -25 -28 -49 -52 -15 -23 -27 -13 -24 -1 -13 -45 -34 4 52 50 23 1 -19 -31 -21 -7 -21 -21 -102 -135 -214 -9999
2 24 20 13 16 4 -4 2 4 0 -3 -11 -8 -9 -13 -7 -14 8 42 22 8 -13 -23 -26 -11 25 35 10 8 23 11 6 13 1 1 -6 17 0 -12 -13 8 7 -2 -3 -1 24 21 11 10 25 28 21 14 5 11 7 4 -5 -4 0 3 -7 12 24 9 7 15 -6 -20 -42 -2 25 3 -14 -24 -13 -30 -0 -16 -34 -25 5 27 37 21 3 -4 -15 -25 -45 -30 -43 -92 -171 -9999 -9999
29 35 23 21 18 10 3 -12 -1 4 -1 -7 -8 -15 -15 -5 -4 -8 42 26 6 -3 -18 -26 -24 8 0 -2 10 16 11 7 17 4 -10 -1 4 1 -5 -10 11 9 1 -6 17 15 11 8 -5 24 25 14 0 8 22 10 4 -7 17 13 14 18 24 21 25 15 17 -13 -24 -52 -55 -26 -3 -4 -25 4 -23 0 -8 -27 -28 10 47 29 13 4 1 -22 -43 -54 -52 -92 -156 -9999 -9999 -9999
20 28 32 23 17 12 6 -6 -5 -0 -7 -9 -4 -5 -6 13 14 -4 34 21 7 -6 -8 -1 19 -17 21 6 27 7 27 21 11 -3 -8 -3 -10 4 -4 3 1 12 7 2 -13 1 20 0 19 -9999 -6 -7 -3 18 7 -8 5 12 20 23 22 42 38 18 15 53 23 -13 -32 -59 -69 -42 56 9 -18 -17 -6 -29 -9 -14 6 4 39 21 6 -4 -12 -32 -64 -54 -41 -104 -149 -203 -9999 -9999
