reca/docs/data/PA5_1997_2017_CHCAS2_S30kmFill_U.asc
ncols 813
nrows 670
xllcorner 112.925
yllcorner -43.575
cellsize 0.05
NODATA_value -9999.0
[rows 288 to 335 of 670, columns 576 to 671 of 813]
-22 -21 -17 -13 -3 -4 -3 8 13 5 11 19 11 12 12 19 17 18 15 13 8 5 6 10 5 -6 -7 -8 4 13 -1 -24 -33 -40 -59 1 31 31 4 -16 -17 2 -4 1 -3 7 23 16 3 -5 7 -2 1 -27 -4 -20 -22 -11 4 23 28 31 40 39 34 39 34 33 38 33 22 7 3 16 16 12 13 -4 -17 -16 -21 -28 -33 -29 -22 -24 -24 -1 -2 1 -21 -23 -24 -21 -11 -21
-26 -25 -19 -15 -8 -2 3 9 -1 6 16 13 16 11 8 13 16 18 14 10 9 11 13 13 8 -3 2 0 -1 11 8 -3 -22 -27 -42 -25 5 -8 -32 -34 -10 6 -1 13 -3 9 24 25 12 9 8 -9 1 -28 -15 -1 -1 -3 -1 7 12 38 35 35 39 42 48 46 50 48 29 17 8 9 16 23 10 18 -0 -8 -10 -13 -14 -21 -7 3 0 -22 -7 9 6 7 -3 -4 5 2
-14 -11 -8 -3 -1 5 8 6 -3 13 -0 5 13 1 -2 5 13 14 14 10 4 9 9 7 1 -2 1 4 4 18 11 -14 -13 -17 -28 -30 -32 -54 -19 -23 -3 5 5 7 8 17 32 32 23 11 9 -6 -2 -15 -1 17 17 8 5 6 2 19 40 32 35 40 51 56 57 51 37 19 15 6 4 10 1 4 22 19 13 11 8 6 4 4 -6 -6 -7 -5 15 17 5 6 -0 -7
-4 -1 1 -1 8 10 7 -11 -3 -0 -2 4 2 -4 1 -2 1 6 11 3 4 7 1 -3 -2 4 6 8 11 10 14 3 5 -14 -32 -17 -33 -46 -27 -4 -1 7 6 13 21 31 31 32 19 13 10 10 11 2 17 18 12 9 -16 -29 -10 10 33 40 36 44 38 45 52 47 38 23 10 2 -2 -0 -5 -10 -7 2 16 19 21 20 10 -6 9 7 17 19 31 29 39 33 8 1
0 7 3 5 10 10 10 -8 -5 -7 -4 -10 4 -0 -5 -7 -10 -4 0 3 4 -11 -9 -8 -5 -1 6 7 13 4 8 12 5 -5 -11 -5 -30 -17 -17 6 9 9 12 17 20 27 34 34 18 16 21 34 9 5 14 28 11 -15 -18 -51 -40 12 22 23 33 34 41 31 33 36 37 30 19 17 2 7 -4 -4 -9 -2 11 4 -3 -8 1 5 11 11 23 26 35 64 60 53 46 33
4 2 6 5 -7 0 -9 -7 -6 -11 -14 -14 -11 1 -1 -8 -13 -10 -4 -2 -9 -3 5 10 10 14 6 8 10 10 10 5 -2 -30 -33 -26 -18 -10 -9 6 7 -1 -4 19 11 9 12 21 9 -16 -7 39 17 30 32 37 17 -36 -78 -92 -55 -17 3 9 22 26 31 34 26 22 21 28 27 28 16 11 -1 1 -1 6 13 -3 -31 -7 -3 3 -4 3 2 23 34 33 37 31 48 42
7 5 2 -1 -5 -5 -13 -6 -5 -11 -11 -14 -16 -2 -1 -5 -8 -25 -37 -23 -11 3 12 22 27 24 8 13 9 -6 -0 3 1 -12 -9 -4 -1 4 8 8 6 2 1 7 9 -0 -18 -19 3 -32 -16 37 14 5 44 43 5 -56 -86 -81 -75 -53 3 1 4 6 19 28 21 6 14 18 11 10 17 8 4 6 9 9 0 -23 -26 1 3 5 -6 0 3 31 36 32 32 33 22 29
6 -3 -1 2 -2 -16 -9 -7 -0 -4 -10 -16 -14 -8 0 1 -23 -34 -21 -9 -3 11 13 25 32 15 10 10 -3 -8 1 -2 -8 12 19 20 26 25 11 11 9 -1 6 4 1 -9 -37 -9 -22 -34 -19 -24 -59 -40 7 11 -39 -68 -62 -70 -71 -52 -48 -24 -21 -1 12 21 9 7 18 13 0 -5 5 6 7 3 5 3 -21 -19 -4 8 12 6 1 -7 1 8 45 16 25 23 41 35
1 -8 0 6 -5 -14 -5 -4 -5 1 -3 -12 -15 -6 -3 -30 -30 -16 -6 -1 4 10 26 31 24 8 16 10 1 -1 10 8 15 25 32 24 43 33 28 14 9 -3 3 5 -6 -27 -6 -34 -37 -28 -51 -58 -50 -48 -51 -25 -48 -57 -54 -58 -68 -75 -77 -43 -26 -17 -25 -4 -14 5 23 20 4 2 15 14 6 6 5 -7 -22 -19 -16 -17 -12 -17 -23 -15 -11 -12 -15 -14 -13 -6 35 40
-2 1 8 2 0 -3 -3 1 1 -0 -2 -3 -2 -4 -17 -23 -12 -18 -19 -3 16 30 40 24 8 7 14 17 12 12 17 24 23 35 33 46 52 43 32 29 7 6 -16 -8 -1 -9 -15 -22 -17 -11 -35 -34 -27 -29 -16 -32 -32 -39 -39 -47 -51 -48 -47 -42 -18 -31 -48 -38 -31 -13 13 20 16 19 24 11 8 -2 -1 -11 -23 -30 -18 -20 -26 -26 -22 -17 -22 -23 -23 -21 -18 -13 -8 36
6 9 4 6 9 -8 1 -6 -1 -0 -10 -11 -3 -10 -11 -14 -6 -7 -10 0 16 31 29 -5 -5 4 8 16 14 12 11 14 13 11 8 30 43 27 25 15 12 -1 -11 -15 4 -2 -3 -17 -6 -28 -33 -16 -11 -15 -10 -19 -19 -31 -29 -36 -41 -26 -44 -28 -11 -35 -47 -46 -51 -33 7 16 12 14 19 -5 2 -4 -18 -21 -31 -17 -8 -8 -14 -12 -5 -8 -14 -23 -26 -20 -23 -13 -9 20
7 9 1 -7 -7 -9 -5 -11 -4 1 -9 -16 -19 -10 -13 -2 4 2 2 11 20 16 -23 -29 -17 -5 9 14 22 16 9 2 -0 -1 12 1 -1 -22 -17 -7 5 8 -2 -11 -21 -12 -4 2 -29 -25 -11 -1 2 4 -0 -11 -7 -17 -13 -13 -17 -15 -26 -34 -42 -53 -42 -27 -14 -8 19 14 12 -6 -1 -26 -12 -8 -13 -30 -19 1 -3 1 2 3 4 1 -16 -23 -30 -26 -19 -12 -16 -0
7 6 5 4 -1 -4 -5 -4 -10 -17 -15 -16 -33 -6 -4 13 5 6 7 14 4 -30 -27 -18 -11 -3 17 27 30 27 23 13 19 24 16 -12 -13 -7 -16 1 -1 6 8 -7 -22 -37 -31 -22 -6 -9 3 9 6 16 -4 -20 -28 -9 4 1 -7 -12 -14 -23 -31 -25 -19 -13 -10 10 11 14 8 -9 -28 -25 -19 -28 -35 -31 -10 -5 1 4 8 8 4 -4 -14 -17 -19 -17 -11 -12 -16 -12
8 3 -1 7 -3 -6 -2 -6 -13 -12 -19 -31 -37 -14 7 20 19 21 22 18 -16 -20 -13 -11 -6 2 18 22 21 -3 7 7 4 -6 -1 0 6 -3 3 6 14 15 12 -7 -21 -15 -15 -21 -12 -8 6 12 -11 -28 -39 -33 -27 -8 2 5 8 8 2 -1 -10 -20 -20 -15 -15 -15 -6 -1 -10 -11 -14 -12 -23 -44 -32 -16 1 9 8 4 2 2 0 -8 -7 -7 -9 -12 -17 -12 -14 -10
-8 -2 -4 0 3 3 -1 -6 -9 -4 -12 -30 -26 -20 15 30 35 33 33 -13 -16 -11 -9 -4 -2 -4 -6 -6 -4 -3 1 4 -3 5 -29 -27 -5 8 13 6 16 12 -1 -28 -30 -2 -9 -2 8 11 -5 -52 -55 -40 -25 -23 -12 -7 7 11 7 14 17 6 1 -13 -17 -7 -11 -11 -7 -10 -4 -4 -16 -24 -19 -33 -19 -5 12 16 17 11 9 8 3 -6 -0 1 -1 -5 -8 -9 -14 -13
-2 -1 -0 -3 -4 -3 -18 -16 -16 -1 -7 -22 -11 -14 25 40 46 45 36 -3 -3 -6 -1 3 3 5 1 -5 4 3 -2 -2 -2 -10 -26 -22 -5 -4 -9 -6 -4 5 -7 -14 -12 -0 7 17 14 -3 -45 -42 -35 -37 -38 -16 -11 -6 -16 14 16 12 10 -4 13 15 11 9 -1 7 -1 -6 -13 -27 -22 -22 -13 -13 -2 2 4 9 13 9 8 4 0 2 1 4 -3 -8 -8 -12 -13 -11
2 -3 -1 5 1 -8 -16 -14 -10 -1 2 -5 -1 -18 21 49 54 50 39 13 10 8 12 7 0 6 -1 -0 -2 -13 -6 4 -0 -21 -28 -38 -24 -71 -81 -51 -11 1 12 -4 1 13 6 -11 -34 -45 -39 -28 -35 -35 -20 -20 -20 -8 -15 -2 8 -7 9 -6 7 15 6 4 17 21 15 3 -12 -10 -10 -14 -16 -13 -3 9 1 -0 0 -2 -1 6 4 3 -1 -3 -13 -10 -14 -19 -19 -15
3 1 -10 -23 5 -13 -17 -7 -5 10 17 13 2 0 26 59 74 67 48 20 20 23 13 -9 4 1 -3 4 -18 -16 -7 -4 -17 -27 -29 -41 -45 -62 -65 -55 -22 4 -9 -5 3 13 11 12 -12 -17 -18 -14 -25 -15 -17 -14 -9 -3 -1 -10 4 0 7 -2 3 -1 -7 9 3 3 6 2 -10 -10 -13 -15 -17 -4 4 1 -5 -8 -4 -3 -2 2 3 -1 -1 -5 -8 -12 -18 -18 -18 -14
-5 -11 -24 -33 -27 -16 -24 -7 8 22 16 21 33 23 12 -1 -5 28 50 29 15 27 2 -8 -0 5 -1 -18 -27 -13 -18 -10 -22 -25 -27 -32 -35 -32 -32 -40 -39 -10 -20 -10 2 6 20 13 -6 -11 -9 -5 -5 -2 7 8 14 2 9 1 3 4 7 7 5 -8 4 11 10 4 1 0 -5 -11 -16 -18 -17 -2 4 -2 -4 -0 2 5 2 -7 -9 -4 -4 -1 -1 -10 -9 -14 -16 -18
-11 -14 -41 -41 -30 -16 -12 1 20 2 15 17 18 7 10 6 -5 -11 -10 15 13 20 -10 0 -17 -16 -12 -27 -32 -23 -15 -7 -5 -14 -8 -21 -16 -8 -18 -23 -24 -20 -2 -24 -6 -5 14 6 -6 -4 1 12 9 18 29 26 22 12 13 -1 0 2 11 4 3 -9 -4 -8 -3 -21 -29 -34 -44 -18 -27 -48 -24 -10 -10 1 -10 -13 -1 -1 -6 -8 -7 -4 -11 -11 -10 -2 0 -3 -10 -20
-16 -26 -38 -28 -17 -6 3 10 3 4 12 15 11 4 -3 -6 -17 -12 -10 -2 15 17 -7 -2 -7 1 -19 -17 -15 -15 -8 -11 -11 -14 -8 -12 -11 1 -11 -8 -2 -13 -1 -1 2 -3 -10 16 4 3 3 15 10 20 27 19 12 4 5 -8 3 8 8 -3 -1 -30 -53 -43 -34 -27 -37 -65 -76 -57 -52 -57 -26 -15 -9 -7 -8 -13 -8 -9 -21 -11 0 -2 -9 -19 -14 -9 1 1 -5 -12
-30 -34 -26 -16 -7 0 11 16 14 12 9 -0 -5 -0 -10 -24 -24 -18 -10 -1 13 6 -7 -4 -16 -31 -36 -13 -18 -22 -21 -22 -16 -14 -3 9 13 3 7 22 13 9 20 21 -5 -10 -11 -3 12 2 -1 5 5 0 3 6 4 5 5 -10 -5 10 -4 4 -22 -35 -40 -49 -57 -61 -62 -74 -68 -55 -55 -45 -26 -16 -18 -12 1 8 -3 -18 -18 -12 5 3 -6 -11 -10 -7 -6 -2 -9 -8
-34 -27 -15 -8 -2 7 16 28 16 7 -0 -0 6 6 0 -7 -14 -12 -15 -4 3 -19 -14 -7 -13 -26 -26 -11 -9 -7 -4 -5 -4 -2 -11 -5 0 -5 8 20 15 29 15 14 0 -4 -7 -2 -8 -6 -6 3 10 1 3 13 6 14 4 7 13 9 -6 -6 -20 -32 -30 -40 -51 -70 -77 -53 -39 -43 -39 -32 -21 -22 -30 -23 -17 -11 -12 -40 -18 -16 -3 6 2 2 9 10 0 -8 -8 -14
-21 -16 -2 7 11 18 29 36 10 -1 -4 -5 0 -5 -12 -13 -16 -17 -23 -10 -23 -40 -34 -13 -5 -15 -15 -11 -1 -7 -2 -1 -1 4 4 13 13 5 18 19 36 17 5 15 19 -2 -24 -1 -10 -2 9 10 5 8 16 27 18 16 12 27 22 -4 -5 -20 -20 -23 -29 -34 -49 -54 -59 -54 -29 -21 -20 -20 -16 -27 -34 -43 -38 -53 -50 -56 -30 -17 -14 1 9 12 15 11 -5 -7 -15 -2
-12 -4 7 13 18 31 36 25 3 -3 6 4 -10 -14 -20 -17 -13 -19 -12 -5 -22 -36 -28 -29 -4 -7 -7 -3 -1 -4 -2 6 4 8 -0 27 30 20 12 18 22 18 21 27 22 7 -12 -7 -11 -4 4 2 9 11 29 31 26 24 28 17 8 6 -5 -9 -7 -3 -11 -19 -40 -36 -32 -44 -42 -5 -3 -6 -8 -38 -52 -55 -51 -48 -54 -53 -39 -32 -32 -10 4 5 9 3 -3 -9 -7 -6
-3 4 5 13 24 17 4 4 -6 6 11 9 0 -8 -13 -9 -7 -4 -5 -1 -38 -38 -29 -34 -25 -20 -11 -12 -5 -0 -12 -14 -8 -7 -19 12 15 26 14 21 19 21 17 3 13 13 4 -7 -11 -19 -19 -15 -1 6 4 -4 -1 10 21 8 12 11 -0 -2 1 7 -9 -14 -22 -38 -23 -11 -33 -41 -36 -16 -29 -46 -45 -48 -42 -45 -43 -38 -33 -29 -22 -18 -5 6 4 -1 -5 -6 -5 -31
8 17 23 25 15 18 13 -6 -11 1 -3 -9 1 3 7 8 4 -1 3 -4 -36 -31 -27 -27 -20 -11 -7 -2 4 2 -8 -11 -7 3 -6 -18 -21 22 30 12 15 -1 -5 -18 -10 -0 6 2 -4 -5 -5 -1 -5 2 2 -3 -7 11 10 2 0 2 7 4 3 -5 -14 -13 -12 -16 -27 -22 -5 -14 -13 -16 -37 -35 -32 -31 -32 -26 -40 -30 -28 -32 -24 -14 4 15 -3 9 0 1 -20 -37
16 27 16 -8 6 7 -23 -17 -9 -5 -3 3 6 -2 15 11 17 22 4 -14 -45 -29 -25 -31 -18 -11 -7 -4 -1 0 -2 -1 -4 3 5 0 -29 19 11 9 19 8 -4 -6 -9 -17 -1 1 0 7 2 0 1 0 3 7 -0 13 1 -7 -11 -8 -6 -3 -5 -10 -15 -6 -8 -9 -6 -19 -3 12 11 4 -14 -16 -17 -20 -25 -18 -25 -20 -11 -19 -32 -35 -6 6 7 -27 -4 -16 -27 -30
27 29 -21 -2 -10 -17 -13 -8 -4 -1 1 13 -9 -52 -10 11 -6 -37 -40 -13 -9 -31 -20 -16 -17 -14 -10 0 -5 -0 -0 -2 -3 -1 11 -6 -20 -18 -31 4 13 11 1 3 -0 -8 -3 -6 -1 2 7 5 3 10 14 9 -3 -5 -8 -15 -14 -12 -13 -10 -14 -14 -8 -8 -8 -5 -1 -6 -10 -7 -2 1 -13 6 -1 -5 -8 -13 -10 -17 -2 4 -4 -17 -25 -50 -59 -59 -54 -29 -10 -27
39 6 -11 10 11 -8 -4 2 -4 -1 5 15 -16 -38 -39 -40 -20 -37 -38 -44 -12 -7 -22 -18 -8 -3 3 -0 -2 -6 3 9 6 5 14 0 -7 -22 -25 -11 7 10 1 -3 4 -13 -2 0 2 7 6 3 6 19 14 5 -19 -20 -19 -10 -5 -1 -3 -13 -19 -14 -12 -10 -8 1 11 23 21 20 14 3 -22 -6 20 15 7 3 0 -13 -23 -17 -4 -11 -18 -39 -58 -52 -48 -41 2 -49
24 1 -7 15 -9 -4 -4 1 6 8 12 17 -20 -30 -37 -25 -11 -28 -33 -39 -38 -19 -22 -8 1 11 16 9 4 4 6 12 5 7 12 -6 -24 -27 -21 -18 4 3 1 -12 -8 -16 -4 4 9 15 12 4 13 13 5 -18 -24 -19 -16 -4 -3 -0 -1 -11 -18 -10 -5 -7 -2 11 25 23 9 10 26 16 6 -21 12 12 7 5 -5 -12 -17 -22 -15 -18 -7 -13 -22 -31 -34 -3 -28 -41
29 8 6 10 -17 -1 7 6 12 14 19 15 -14 -21 -36 -30 -35 -38 -31 -17 -20 -13 -8 -6 -2 15 -21 15 7 6 8 16 12 12 1 -24 -27 -23 -19 -10 0 1 -7 -11 -17 -13 0 10 11 9 10 5 8 7 -19 -22 -18 -15 -15 -16 -10 -10 -6 -11 -10 -8 -7 -5 -7 8 8 7 8 8 14 12 5 -8 -14 2 1 6 3 -2 -14 -20 -32 -28 -12 8 -1 -9 -16 -12 -29 -16
14 8 2 7 -9 -7 -2 2 12 17 17 6 -12 -15 -9 -27 -26 -15 -13 -9 -20 -4 10 16 10 -6 -21 -19 17 15 13 21 25 22 -0 -20 -18 -18 -15 -10 -6 -5 -11 -9 -3 1 6 9 12 14 14 6 6 -7 -19 -14 -11 -12 -15 -18 -13 -8 -12 -12 -14 1 5 -1 -0 2 5 7 -15 4 14 13 11 9 -8 -11 9 14 14 14 5 -23 -32 -35 -14 11 3 5 -1 -1 -7 2
5 21 23 5 -3 1 3 2 5 13 9 -1 -17 -9 -5 1 -5 2 -2 2 -7 -0 7 15 20 -1 -6 -28 4 30 22 30 31 31 -18 -11 -15 -15 -16 -12 -13 -10 -7 -10 -2 -9 15 14 14 21 11 7 7 -3 -5 -6 -5 -9 -13 -11 -7 -6 -14 -17 -13 -8 17 10 10 13 3 -12 -9 -1 9 16 15 12 1 -13 -18 -16 -27 -26 -23 -19 -22 -26 -20 -5 3 13 -8 -0 10 -17
19 23 20 3 3 -1 8 7 8 2 2 -16 -8 -2 -3 1 0 -2 -7 7 9 17 6 7 15 9 3 -16 -25 23 21 27 27 17 -35 -19 -8 -11 -8 -9 -18 -16 -12 -6 -5 -1 16 17 25 28 17 16 15 1 2 2 2 -9 -8 -8 -2 -1 -15 -15 -10 -5 10 15 22 19 9 -3 7 8 16 18 21 21 15 -7 -16 -13 -4 -15 -17 -18 -9 -10 -1 12 -1 -8 -13 -1 -1 -12
29 27 22 10 10 2 7 -1 -5 -8 -15 -23 -10 -4 -10 -5 -4 4 1 11 21 21 -4 -10 14 19 0 -11 -26 -7 24 13 -3 -16 -31 -24 -9 -8 -9 -16 -24 -17 -13 -12 -0 2 16 14 25 24 17 19 13 4 -4 1 -5 -6 -4 -1 7 -2 -13 -9 -12 1 15 10 5 6 12 8 2 17 17 10 7 3 -2 -5 -12 -5 -5 -14 -10 -7 -12 -16 -11 5 -9 -6 2 4 -5 -18
18 21 18 17 12 6 2 -4 -14 -20 -23 -33 -18 -12 -21 -9 1 3 9 -6 21 9 -15 -36 -8 17 6 -8 -14 -2 29 21 -22 -30 -24 -13 -13 -10 -16 -19 -20 -18 -12 -10 -2 -0 17 17 22 21 18 8 12 5 -2 -0 5 2 4 9 8 -3 -6 -6 -6 -3 12 9 -1 -2 13 26 10 3 -0 4 21 19 8 -3 -1 -2 -5 -11 -11 -2 -16 -17 -29 -28 -3 -1 8 -9 -14 -3
6 12 22 22 16 9 6 -1 -8 -18 -30 -29 -13 -6 -26 -13 -2 3 9 13 -10 -21 -16 -23 -11 -6 9 3 -6 -4 -6 -19 -23 -20 -11 -2 -20 -12 -9 -14 -11 -15 -10 -4 -1 3 18 19 26 18 11 -2 8 7 2 4 10 9 5 -3 -2 -1 -5 2 2 0 4 16 17 8 8 18 23 14 11 14 19 13 -2 5 10 16 5 -7 3 3 -9 -16 -23 -16 -2 2 -5 -9 -2 -8
-0 12 28 25 14 12 13 6 -4 -13 -24 -17 -12 -6 -28 -19 -1 6 9 4 -12 0 -5 -12 -9 -6 6 5 -0 -9 -14 -12 -5 -0 2 -21 -19 4 6 3 -8 -12 -9 -4 1 1 9 12 26 15 14 3 13 18 7 14 19 16 9 1 5 -3 -8 5 4 5 5 12 18 12 13 16 24 22 30 26 13 15 10 2 10 3 8 1 14 15 12 -11 -6 -5 -5 -4 -5 -1 2 1
-3 11 11 17 10 13 18 15 3 -4 -12 -9 -16 -14 -26 -12 2 3 2 9 0 -4 6 -7 -8 -5 1 1 6 -0 -2 7 -2 -32 -7 -11 -10 7 -18 -25 -19 -12 -2 3 2 3 5 5 17 19 21 2 18 20 16 15 16 15 6 8 9 -1 2 4 13 13 17 17 21 17 19 22 18 26 29 31 25 13 19 21 15 2 14 12 15 -5 -3 2 6 6 0 0 3 4 9 8
2 -7 5 -7 6 11 12 3 -5 -13 -23 -16 -8 -18 -26 -19 -5 1 -10 -2 8 4 9 2 -9 -10 -4 -0 11 18 9 14 -2 -41 -21 8 -2 -1 -20 -13 -8 -4 5 7 9 4 6 10 21 21 19 -4 7 8 11 12 11 -2 -1 8 5 5 9 14 17 17 21 21 24 25 25 30 29 25 23 23 21 10 15 24 22 12 8 -1 0 8 8 20 10 6 4 -0 9 9 10 16
2 -6 -6 7 12 13 -1 -14 -13 -16 -25 -23 -9 -19 -39 -31 -10 -4 0 -15 -9 20 10 3 -8 -18 -15 -15 -25 -0 18 13 -2 -35 -45 18 12 11 -12 -10 -5 3 11 9 1 4 11 18 20 21 12 -10 -6 -3 -3 1 4 -0 4 2 3 6 5 8 10 12 25 24 29 32 32 32 25 23 21 12 17 18 14 12 17 15 15 12 10 6 12 19 10 13 11 7 5 7 -2 7
-21 -4 -1 15 11 3 -10 -7 -1 -1 -6 -10 -9 -33 -31 -24 -8 1 8 -19 -15 21 15 5 -3 -11 -18 -25 -28 -25 16 16 -18 -36 -39 -23 26 10 -6 -6 7 9 13 18 10 6 11 17 19 23 13 -9 -3 -0 6 7 3 7 9 3 5 8 4 11 9 12 16 19 7 17 12 17 14 19 14 11 14 20 18 19 24 22 23 20 24 18 17 18 17 12 15 17 5 6 0 -11
-8 -4 5 10 11 10 -2 4 6 3 -6 -8 -22 -27 -15 -23 -21 -25 -23 -25 -4 4 27 10 2 -17 -21 -24 -31 -46 -18 15 -13 -26 -16 -23 7 5 -8 -11 -12 27 14 23 3 5 8 8 16 14 12 -3 7 8 2 5 8 7 -2 1 -1 4 4 5 4 9 11 22 3 12 4 -1 5 11 8 7 11 14 16 22 19 13 25 20 22 27 25 18 21 10 12 7 5 10 7 4
-23 -3 8 11 18 15 1 4 7 2 -24 -9 -12 -16 -14 -22 -30 -28 -20 -23 -17 -14 9 12 8 -15 -20 -17 -21 -33 -38 9 15 -29 -17 7 5 -6 -9 -15 -22 4 -12 -1 -0 11 5 4 5 10 16 -4 -3 6 6 12 4 -1 -3 2 3 -5 -1 -2 2 4 0 11 2 4 5 -3 1 -1 8 -12 1 9 12 12 11 14 29 26 24 28 22 16 14 9 1 -4 -12 3 8 17
-25 -21 13 17 24 20 5 3 17 -12 -27 -9 -11 -11 -11 -13 -18 -23 -15 -15 -30 -20 7 4 -2 -23 -21 -20 -17 -24 -29 2 -20 -38 -36 -7 7 -7 -16 -20 -23 -17 -9 -6 -5 8 10 13 17 25 13 -12 -1 10 12 7 -7 0 -5 -2 -7 -8 -5 -3 -2 5 -6 -5 -2 -8 -6 -7 -9 -6 -7 -18 -4 -3 11 11 13 -4 17 15 3 1 -3 6 -1 -5 -6 -5 -7 0 7 -1
-19 -20 0 14 24 16 10 17 22 -11 -2 9 4 6 4 -3 -14 -9 -17 -5 -31 -32 -7 -4 -15 -18 -15 -17 -13 -23 -26 0 -34 -33 -31 -14 8 -20 -28 -22 -18 -20 -18 -11 5 7 9 13 25 27 -7 -3 -5 -5 -2 -4 -0 1 -6 -4 -9 -5 -3 3 2 -0 -11 -20 -9 -9 -4 -15 -12 -8 -15 -14 -2 9 8 9 4 2 -1 -11 -14 -12 -5 -1 -6 -5 -3 6 5 13 10 -5
-19 -22 -6 9 19 15 13 23 -20 -40 -16 21 27 18 16 -3 -16 -13 -20 -7 -19 -23 -18 -5 -8 -6 -5 -7 -7 -6 -18 -5 -16 -20 -12 5 -9 -20 -27 -27 -15 -22 -14 -7 5 2 5 13 16 2 -21 3 2 4 4 3 5 -3 0 0 -4 -1 0 0 0 -1 -10 -19 -21 -14 -9 -21 -12 -12 -11 -12 -0 10 2 9 6 -4 -14 -14 -13 -10 1 -2 -8 -7 -5 -5 6 16 15 -1
