reca/docs/data/PA5_1997_2017_CPRISTINE_S30kmFill_U.asc
ncols 813
nrows 670
xllcorner 112.925
yllcorner -43.575
cellsize 0.05
NODATA_value -9999.0
[rows 192 to 239 of 670, columns 192 to 287 of 813]
-12 -13 -13 -15 -23 -22 -18 -12 1 -1 -2 4 4 -3 -11 -12 -9 -1 -0 -4 -4 5 3 -12 -19 -14 -18 -22 -16 -20 -14 -17 -22 -24 -31 -30 -26 -25 -14 -10 4 3 6 -2 -11 -18 -18 -19 -19 -15 -9 -6 -9 1 -1 -0 3 4 -4 -2 5 11 9 6 6 4 -4 -7 -6 -14 -21 5 -1 3 -2 -4 -7 -5 -7 -12 -24 -28 -26 -20 7 17 24 14 20 29 11 7 4 1 7 14
-16 -13 -15 -12 -14 -15 -7 -6 -11 -11 -0 2 -7 -17 -15 -16 -21 -26 -12 -15 -14 -1 12 -18 -17 -6 -7 -16 -12 1 -7 -8 -12 -16 -19 -23 -23 -14 -14 -13 1 -7 -13 3 7 -3 -9 -10 -8 -13 -12 -11 -11 -3 -1 0 -2 3 6 -1 -1 5 1 -0 3 11 -9 -8 -8 -19 -18 12 7 -7 7 -5 -1 -16 -31 -30 -13 -17 -15 -6 7 19 30 25 21 24 23 12 13 15 18 11
-30 -7 -15 -9 -9 -11 -16 -19 -14 -10 -13 -23 -36 -29 -19 -18 -20 -22 -18 -24 -17 -10 5 5 -10 -17 -3 3 -2 2 -1 1 1 1 -1 -9 -10 -19 -22 -16 -10 -12 -21 -19 14 12 10 5 2 0 2 1 -0 1 3 4 1 -1 4 4 4 6 3 -1 3 3 2 -8 -13 -20 -10 5 3 12 -1 8 -8 -2 -10 -17 -17 -12 -1 2 14 21 30 26 31 -4 -0 18 21 30 18 -25
-28 -32 -27 -20 -14 -11 -11 -14 -9 -10 -19 -28 -26 -17 -8 -13 -27 -18 -15 -20 -12 -24 -22 -3 -5 -12 -12 -3 5 9 7 2 2 2 3 -1 2 -8 -15 -16 -2 -4 -12 -18 -14 24 28 21 15 12 16 12 13 12 4 -1 3 7 11 14 11 2 5 9 4 10 3 2 -8 -18 -31 -41 -40 -38 -56 -48 6 16 6 -7 -5 3 -2 11 8 -15 18 20 25 3 0 16 19 3 -20 -23
-16 -22 -27 -30 -34 -37 -37 -37 -30 -27 -27 -18 -12 -10 -21 -26 -27 -25 -30 -19 -16 -26 -22 -16 -6 -2 -11 -9 -4 -5 2 -2 5 -2 7 5 7 3 -0 -8 -4 -1 -4 -11 -15 -12 13 21 21 3 27 30 28 19 15 9 8 -0 1 4 5 -2 8 14 10 13 3 -3 -11 -15 -21 -33 -37 -38 -38 -44 -48 -46 9 10 6 8 -5 6 22 14 9 6 6 7 11 19 -5 -9 -2 -6
-13 -11 -11 -14 -19 -23 -24 -23 -23 -21 -16 -14 -15 -21 -34 -24 -24 -30 -38 -28 -21 -24 -18 -15 -2 -4 -11 -13 -12 -8 -5 -1 -8 -1 9 4 8 13 3 6 2 -5 3 -1 6 1 -6 -7 17 39 12 -8 -3 15 9 7 7 4 3 -9 -18 -19 -24 -12 8 19 8 6 -1 -7 -17 -24 -23 -27 -33 -33 -26 -28 -30 13 11 7 15 14 0 -19 -12 -19 -10 0 13 1 -6 7 8 2
-14 -9 -0 -1 -13 -17 -13 -9 -7 -4 -4 -11 -30 -38 -48 -38 -28 -36 -44 -35 -32 -34 -26 -29 -11 -29 -24 -27 -24 -15 -20 -9 -16 -9 -5 -9 -9 3 -9 -9 -9 -12 -6 -9 3 14 -3 -16 -15 -2 1 -3 -0 -1 -6 -10 -5 -9 -11 -22 -18 -22 -32 -23 -3 17 10 8 1 -4 -7 -12 -21 -26 -20 -19 -16 -12 -19 1 11 11 17 12 -18 -30 -18 -8 -0 -6 2 -2 -1 9 10 4
-15 -19 -31 -27 -29 -30 -20 -29 -24 -19 -41 -47 -47 -47 -43 -51 -44 -50 -50 -52 -44 -38 -34 -34 -25 -32 -34 -40 -36 -22 -25 -21 -12 -22 -20 -14 -11 -11 -13 -15 -13 -14 -13 -13 3 3 -0 -3 -12 -17 -1 6 -5 -1 -2 -5 -6 -12 -16 -16 -17 -16 -16 -17 -8 17 18 7 6 11 8 -0 -4 -10 -11 -11 -6 -11 -12 -1 11 8 7 -24 -21 -16 -5 2 8 2 5 3 12 13 7 12
-20 -18 -18 -13 -17 -25 -24 -41 -40 -37 -49 -50 -55 -57 -46 -37 -31 -44 -40 -43 -35 -29 -30 -27 -33 -32 -29 -29 -33 -30 -34 -33 -21 -17 -27 -20 -16 -13 -14 -29 -25 -19 -11 -14 -2 10 4 1 -0 -4 -8 7 11 12 11 5 1 -8 -10 -10 -7 -3 -3 -4 -6 -10 -5 0 -12 12 17 15 12 12 -1 8 7 -3 -7 -5 4 15 -20 -23 -10 -6 -4 -4 4 3 1 -2 12 18 12 25
-4 -11 -36 -46 -28 -21 -24 -34 -33 -33 -32 -41 -40 -43 -54 -52 -49 -35 -25 -25 -28 -33 -27 -29 -34 -36 -34 -29 -31 -31 -25 -31 -25 -22 -24 -26 -18 -15 -17 -25 -34 -36 -29 -24 -24 2 6 2 9 3 4 -4 7 18 22 20 8 2 0 5 10 9 10 13 -4 -19 -26 -26 -21 18 24 22 19 8 3 -4 -1 9 1 -1 -11 -7 -17 -15 -12 -6 -10 -4 -1 2 -7 -7 6 21 14 20
12 4 -35 -40 -36 -11 -17 -27 -26 -30 -29 -21 -27 -36 -36 -34 -35 -33 -17 -30 -24 -19 -17 -15 -20 -21 -25 -21 -21 -24 -20 -16 -23 -25 -17 -8 -14 -21 -27 -30 -28 -31 -30 -31 -24 -4 4 7 4 5 7 -2 6 7 26 32 16 7 6 15 16 19 20 14 6 -3 -8 -15 -18 3 10 22 27 -1 -22 -26 -27 -1 5 9 -18 -9 -13 -4 -0 -3 -1 -4 2 -0 -2 -9 -11 -13 1 22
-21 -28 -25 -36 -46 -10 4 -9 -18 -21 -30 -19 -19 -16 -20 -27 -33 -33 -32 -30 -18 -16 -19 -17 -18 -8 -12 -16 -18 -16 -12 -9 -14 -14 -17 -12 -22 -21 -22 -28 -24 -23 -23 -27 -29 -30 -33 -34 -30 -22 -17 -20 -12 -6 -4 12 16 11 5 13 19 17 21 14 9 2 4 2 -8 -3 14 32 29 -13 -12 -8 -15 2 20 10 -16 -6 -9 -11 8 -14 -7 -9 -7 -3 -5 -11 -13 -3 -13 13
-22 -29 -19 -36 -43 -20 17 10 4 1 -4 -7 -13 -12 -17 -20 -21 -23 -25 -29 -31 -20 -13 -26 -30 -35 -18 -3 -1 -2 -2 0 -9 -2 -5 -11 -14 -12 -16 -16 -19 -18 -11 -15 -27 -34 -36 -42 -46 -44 -43 -40 -27 -17 -19 -12 -3 8 6 12 23 16 21 7 6 14 13 3 -6 -13 -0 12 0 -4 -7 1 13 18 12 -6 -14 -4 -4 -8 4 -9 -8 -3 -6 -10 -6 -9 -15 -4 -8 -11
-25 -12 -16 -18 -31 -35 -37 -13 -2 14 -2 -3 2 -4 -2 -9 -12 -11 -15 -20 -25 -25 -12 -13 -3 -6 -15 -14 14 3 1 7 3 -4 -1 -3 -0 -2 -4 -8 -12 -13 -17 -22 -22 -27 -27 -29 -33 -39 -41 -35 -35 -40 -26 -26 -21 -19 -21 2 10 9 10 9 6 10 8 -2 -3 -9 -4 -3 -6 -7 -9 -17 -10 19 -9 5 -3 1 -0 -8 -7 -7 -7 -11 -8 -12 -7 -2 -5 -1 -6 -23
4 -12 3 -3 -4 -11 -17 -28 -34 -38 -51 -30 20 6 10 -3 -1 2 -4 -5 -7 -15 -24 -26 -24 -16 -8 -10 -12 -16 -12 -14 -14 -12 -6 -13 -15 -17 -10 -2 -10 -11 -12 -18 -18 -19 -24 -26 -24 -27 -31 -35 -35 -40 -36 -32 -33 -32 -26 -11 6 6 5 5 10 11 7 -1 -4 -10 -3 -12 -7 -10 -6 -20 -32 -22 -23 14 11 -1 2 -7 -1 -1 2 -9 -1 -3 -2 -8 -0 0 -2 -14
3 2 8 5 10 6 3 -6 -10 -11 -21 -37 17 28 22 11 12 9 8 4 -10 -8 -6 -10 -17 -14 -6 11 13 7 9 7 2 6 7 4 -0 -2 -7 -9 -12 -13 -10 -10 -13 -16 -15 -17 -19 -18 -21 -19 -23 -25 -30 -29 -32 -34 -32 -29 -2 10 5 -2 -0 -14 -10 -6 -9 -8 -10 -17 1 -4 -11 -14 -24 -29 -35 -17 -36 -38 6 -5 -1 4 7 5 2 6 2 1 4 -6 -8 -3
-4 13 -2 -11 -17 -4 -18 3 5 -3 -6 -16 -28 31 29 27 15 9 5 2 0 -3 2 -5 -15 -15 -17 -15 -2 -12 -14 -20 -17 -7 -9 -14 -33 -30 -20 -18 -17 -15 -15 -14 -9 -11 -13 -14 -7 -6 -8 -12 -15 -17 -21 -24 -39 -38 -30 -39 -33 -11 -13 -20 -32 -32 -32 -34 -22 -31 -12 -16 -17 -8 -11 -11 -21 -27 -29 -35 -37 -48 -11 -0 -6 -6 -5 4 5 3 4 -0 -10 -31 -34 -24
1 -0 -10 -14 -17 -14 -18 -36 -36 -7 -12 -3 -20 -28 -20 -4 18 20 21 20 10 -5 -3 -9 -19 -17 -7 -19 -20 -14 -19 -20 -19 -25 -35 -38 -37 -34 -27 -27 -29 -33 -30 -20 -11 -3 2 3 -0 4 3 2 -2 -8 -15 -15 -28 -41 -45 -41 -41 -44 -39 -36 -47 -44 -48 -49 -50 -38 -36 -29 -30 -25 -14 -9 -15 -22 -32 -38 -38 -41 -33 5 4 -6 -14 -12 -9 2 9 7 -6 -25 -24 -23
4 -1 -1 -1 -4 -4 -14 -20 -21 -19 -33 -37 -36 -34 -42 -33 -46 -41 -11 11 23 15 5 2 1 1 -0 -1 -0 0 -4 -5 -5 -18 -23 -24 -23 -20 -21 -21 -20 -22 -17 -22 -25 -19 -19 -12 -7 -9 -12 -13 -13 -15 -19 -23 -18 -24 -34 -45 -37 -32 -32 -40 -45 -53 -52 -49 -52 -36 -32 -24 -22 -26 -10 -5 -24 -26 -21 -31 -37 -39 -43 -34 9 3 -1 -3 -8 -4 5 4 -10 -20 -10 -9
-23 -20 -8 2 2 -2 -6 -3 -7 -13 -14 -13 -12 -20 -26 -28 -28 -30 -37 -34 -37 -11 16 18 22 18 16 15 14 8 9 8 -0 -7 -10 -10 -9 -11 -9 -17 -16 -6 -18 -14 -10 -6 -7 -12 -11 -9 -8 -8 -4 -10 -12 -14 -14 -13 -20 -31 -40 -44 -48 -48 -43 -48 -46 -40 -40 -35 -26 -23 -20 -7 -8 -23 -28 -37 -35 -40 -42 -41 -43 -56 -13 -13 14 6 9 2 -0 1 -5 -15 -8 -22
-8 -10 -13 -17 -4 -4 -5 -4 -2 -2 1 -6 -12 -13 -11 -16 -16 10 0 1 19 30 36 37 38 36 31 32 22 19 20 12 12 10 3 1 3 -3 -5 -13 2 2 -8 -8 -5 -1 -3 -9 -22 -24 -5 -11 -15 -16 -16 -16 -11 -20 -20 -19 -27 -29 -27 -32 -36 -32 -33 -29 -26 -28 -27 -21 -14 -27 -41 -29 -26 -36 -37 -40 -38 -37 -35 -40 -46 -50 -58 -68 -25 7 5 1 -9 -21 -19 -17
-2 -6 -4 -8 -4 2 2 5 6 8 6 5 -1 -8 -10 -7 -12 19 35 43 46 49 53 47 46 42 42 44 31 30 44 41 36 30 26 22 21 2 -7 10 14 9 1 5 -2 -12 -10 -24 -21 -16 -25 -32 -9 -14 -17 -18 -16 -8 -13 -13 -18 -16 -25 -23 -16 -25 -23 -24 -26 -20 -17 -9 -21 -43 -37 -21 -29 -31 -33 -38 -41 -40 -41 -35 -26 -32 -41 -56 -62 -2 4 2 2 -7 -7 -3
-43 -20 -1 -2 -4 -7 -5 -5 -1 3 4 5 4 1 -0 2 -12 -26 -38 -43 -44 -38 -3 24 48 58 63 26 -34 -64 -60 -30 -25 15 36 35 18 9 0 15 9 -7 -0 12 -5 -6 -6 -18 -16 -18 -19 -24 -24 -14 -14 -20 -2 2 1 -0 -7 -9 -13 -28 -2 -8 -19 -28 -25 -18 -14 -16 -33 -29 -23 -23 -22 -24 -24 -27 -34 -33 -35 -46 -53 -54 -43 -45 -56 -41 -15 -19 12 7 3 2
-45 -42 -36 -3 -2 -8 -6 -5 -1 1 2 5 8 10 15 12 0 -4 -16 -24 -28 -29 -46 -50 -49 -37 -50 -51 -46 -39 -51 -52 -46 22 41 35 26 16 16 21 18 5 7 -8 -6 -7 -14 -15 -9 -10 -11 -9 -15 -19 -21 -21 -16 7 5 3 -3 2 -0 -23 -22 -21 -23 -27 -23 -11 -10 -27 -33 -30 -10 -9 -14 -16 -16 -17 -21 -26 -27 -32 -36 -43 -44 -36 -51 -63 -64 -66 -44 -4 4 19
-32 -33 -35 -26 -11 -9 -6 -9 -13 -8 2 -1 1 -0 11 14 11 7 2 -5 -5 -12 -26 -29 -26 -27 -33 -32 -27 -33 -38 -40 -31 39 50 30 10 12 20 17 27 -1 14 0 3 1 -10 -14 -12 -9 -8 -12 -14 -11 -13 -12 -15 7 6 3 0 -1 11 -20 -28 -32 -23 -24 -26 -17 -16 -9 -11 -10 -3 4 -3 -2 -7 -11 -9 -13 -16 -12 -19 -28 -40 -47 -50 -53 -53 -48 -46 -59 -53 -47
-33 -37 -36 -39 -14 -23 -29 -27 -21 -17 -8 2 2 3 10 18 18 16 7 1 -5 -9 -12 -16 -8 -5 -12 -16 -16 -23 -31 -26 -30 -45 -25 14 32 22 26 11 -23 -19 -14 -15 -14 -15 -9 -3 -2 -4 -6 -7 -7 -4 -5 0 -19 -12 2 14 7 5 -2 -18 -27 -23 -20 -21 -25 -18 -17 -2 2 -2 12 17 12 8 5 3 -1 -3 -11 -19 -18 -20 -26 -31 -36 -45 -44 -40 -43 -43 -31 -48
-34 -29 -33 -34 -19 -17 -26 -22 -21 -15 -22 -17 -6 -0 6 8 10 6 -2 2 -4 -15 -21 -27 -19 -10 -13 -8 -10 -14 -17 -15 -20 -32 -22 -37 -12 24 7 -14 -6 -8 -10 -11 -12 -5 -6 -9 -6 -4 -5 -5 -4 -2 3 -10 -17 -18 -14 13 -8 -8 -12 -13 -19 -15 -14 -17 -20 -17 -25 -31 -6 6 17 18 19 15 5 2 -0 -2 -7 -17 -22 -31 -31 -26 -34 -39 -41 -30 -29 -43 -45 -39
-20 -19 -19 -17 -13 -20 -21 -20 -17 -16 -12 -16 -9 -11 -4 -4 -13 -14 -13 -18 -5 -6 -18 -18 -18 -16 -15 -10 -18 -16 -17 -10 -19 -29 -36 -38 -44 -29 0 5 4 2 10 7 3 -3 -6 -3 -0 2 1 4 0 -3 -7 -12 -8 -15 -16 -10 -9 -12 -11 -9 -16 -12 -7 -17 -16 -24 -22 -32 -39 -33 -35 -17 13 15 4 -2 -4 -5 -7 -11 -16 -22 -22 -25 -30 -28 -29 -30 -39 -33 -27 -26
-18 -21 -17 -23 -24 -12 -15 -15 -16 -17 -10 -12 -10 -12 -4 -15 -10 -1 -5 -12 -15 -6 -6 -11 -2 3 2 -8 -3 -4 -10 -8 -16 -19 -23 -25 -34 -39 -35 6 20 17 20 13 17 22 12 13 13 16 13 14 11 8 -2 -6 -11 -7 -12 -12 -9 -9 -8 -8 -3 -8 -4 -1 -4 -15 -23 -23 -34 -43 -47 -35 -23 11 12 -3 -2 2 -10 -13 -17 -15 -15 -24 -23 -15 -10 -16 -27 -32 -33 -19
-16 -15 -15 -15 -14 -6 -6 -7 -10 -12 -10 -6 -12 -15 -8 -7 -10 -12 -2 -4 -10 -13 -23 -22 -6 2 -0 3 -8 1 -3 -9 -8 -15 -21 -17 -25 -28 -31 -22 29 33 23 13 19 30 11 13 26 24 28 7 8 14 15 8 -5 -6 -2 -3 -4 -7 -9 -0 0 -0 5 9 2 -8 -16 -22 -27 -32 -37 -32 -36 -26 6 7 2 10 -0 -6 -1 -4 -5 -7 -5 -3 -3 -13 -4 -21 -26 -18
-11 -9 -8 -10 -7 -6 -1 -4 -5 -6 -6 -2 -3 -8 -13 -12 -0 -8 -14 -4 -6 -11 -14 -11 -10 -10 -12 -8 -4 4 -0 -5 -5 -3 -13 -17 -17 -11 -15 -21 -15 31 21 20 22 24 24 27 32 27 18 24 20 26 19 4 1 -0 -10 -13 -14 -6 1 4 -2 11 15 23 10 -5 -10 -16 -20 -25 -27 -22 -32 -39 -16 11 5 12 2 6 9 9 4 7 5 12 8 -8 -15 -20 -24 -19
-13 -8 -9 -14 -12 -4 -5 -5 -10 -7 -5 -4 -3 -7 -7 -11 -10 -6 -14 -12 -7 -9 -4 -3 -6 -2 0 -1 5 -1 0 1 2 -0 -8 -6 -8 -10 -8 -21 -27 -10 38 38 26 21 40 25 34 31 12 27 25 20 19 15 11 8 8 -2 -5 -3 -7 -10 -8 7 -8 2 -6 5 1 -5 -13 -16 -27 -33 -29 -31 -20 7 15 7 3 14 16 12 17 19 15 14 13 2 -14 -12 -23 -17
-15 -12 -16 -11 -11 -8 -11 -7 -11 -7 -5 -2 -6 -8 -4 -3 -5 -4 -3 4 6 5 7 3 -1 6 10 5 14 8 0 5 7 4 2 3 -1 -8 -11 -9 -16 -25 22 41 -0 -40 11 46 52 -8 -31 35 32 29 25 19 4 9 13 3 2 -4 -8 -8 -6 -0 -2 -14 -19 -4 3 5 8 -7 -19 -26 -27 -30 -18 19 12 12 19 14 -27 -74 -70 -71 -21 9 11 7 -10 -19 -23 -24
-9 -12 -5 -6 -5 -2 -9 -3 -7 -3 1 -1 -4 -3 1 -1 2 3 2 10 13 16 19 12 8 15 15 8 16 8 6 10 7 2 1 7 3 -0 -9 -7 -5 -14 -36 -36 -34 -32 -38 -27 -47 -55 -44 -27 -27 22 35 26 15 19 4 9 14 -3 1 -0 -7 -2 -11 -6 0 4 1 -7 -9 -1 -3 -11 -21 -20 -25 21 29 29 28 -56 -57 -49 -54 -58 -61 -13 11 5 5 -6 -19 -22
-6 -9 -16 -15 -6 -5 -9 -7 -3 2 2 0 -2 -2 5 6 4 1 4 16 15 16 26 16 15 16 17 17 18 12 2 0 2 4 1 13 7 1 2 -2 -7 -14 -11 -23 -34 -37 -34 -38 -38 -35 -35 -39 -42 -17 20 45 25 10 19 21 -5 5 14 12 -1 -3 -4 -10 -14 -20 -14 -8 -6 2 -8 -7 -11 -16 -24 -15 14 3 -34 -47 -47 -49 -47 -45 -55 -42 8 -3 3 -8 -10 -15
-4 -5 -8 -9 -2 1 -5 -5 -2 1 4 1 3 2 6 9 7 10 7 16 24 17 16 20 26 20 18 20 21 11 -3 5 -3 4 6 14 12 5 0 1 8 -9 -21 -25 -26 -30 -34 -30 -35 -37 -18 -27 -29 -34 -44 -38 21 33 19 -1 -4 9 16 17 14 7 2 -8 -17 -22 -21 -19 -10 -4 -1 -10 -8 -8 -13 -18 -35 -46 -46 -41 -42 -40 -40 -43 -40 -39 -11 -1 -16 -12 -9 -7
-1 -4 -5 -10 -6 -3 -6 -11 -8 -4 -2 -5 -5 -6 -5 -1 -11 -2 2 7 13 9 6 11 15 13 15 14 10 3 -5 -2 8 10 3 -16 -9 -7 -17 -20 -22 -21 -21 -25 -26 -27 -29 -31 -25 -38 -36 -35 -29 -29 -30 -33 -27 -12 -2 17 15 16 16 14 10 14 3 -1 -3 -12 -19 -16 -9 -13 1 -5 -8 -8 -7 -14 -28 -25 -26 -30 -30 -27 -23 -31 -28 -28 -31 -10 -16 -23 -16 -11
-0 -4 -6 -10 -12 -9 -13 -17 -15 -9 -11 -9 -9 -15 -9 -15 -6 -11 -0 1 0 -2 -8 -3 1 -5 -10 -10 -9 0 2 3 1 -13 -11 -10 -11 -13 -15 -20 -27 -23 -30 -33 -29 -29 -28 -30 -24 -20 -31 -36 -38 -42 -41 -36 -31 -29 -14 24 39 32 27 26 16 15 -2 0 -10 -10 -16 -15 -6 -8 -5 2 3 0 -0 -8 -19 -19 -13 -18 -15 -18 -17 -18 -16 -16 -18 -22 -20 -32 -33 -30
2 -3 -3 -1 -5 -8 -7 -16 -19 -13 -10 -8 -7 -11 -4 -10 -10 -13 2 4 -6 -2 4 8 -9 -10 -6 -3 -3 -2 -7 -6 -9 -6 -6 -13 -17 -15 -15 -15 -17 -19 -19 -20 -22 -25 -20 -23 -23 -17 -23 -27 -29 -38 -40 -45 -47 -26 -21 -20 1 34 35 26 33 19 -1 4 -0 -2 -5 -3 1 4 3 11 15 15 11 -8 -10 -12 -7 -4 -6 -8 -3 -1 -1 -5 4 -10 -23 -24 -33 -29
-7 -4 -8 3 -1 -6 -8 -11 -15 -14 -11 -12 -8 -8 -9 -8 -7 -4 -2 -1 2 9 14 11 -3 -3 -11 -9 -9 -4 -4 -5 -3 -6 -9 -7 -9 -8 -13 -9 -12 -15 -12 -16 -18 -21 -11 -13 -14 -16 -20 -21 -28 -30 -33 -37 -46 -44 -22 -28 -39 -16 10 35 34 -3 7 13 14 13 11 17 12 3 1 13 2 -7 9 -6 -9 -3 -1 -13 -4 -4 -3 -2 2 3 16 -26 -30 -30 -37 -33
-18 -9 -7 -3 3 -1 -4 -4 -10 -11 -6 -8 -10 -8 -1 1 2 -0 3 3 12 15 19 7 2 -4 -7 -10 -15 -12 -12 -15 -13 -10 -11 -13 -12 -7 -7 -10 -8 -9 -6 -5 -6 -12 -12 -4 -7 -6 -9 -22 -22 -27 -28 -33 -37 -36 -41 -46 -30 -35 -37 -28 -45 7 22 24 23 25 28 28 23 11 10 17 -3 -1 0 -5 -2 -1 1 4 -5 -3 -3 10 16 14 -20 -34 -27 -22 -26 -23
-14 -15 -8 2 6 8 7 4 2 -2 0 -2 -6 -6 -1 -3 -2 -8 -8 -7 -3 1 8 -2 3 5 -2 -5 -6 -5 -10 -13 -13 -15 -11 -10 -12 -12 -7 -5 -2 -4 4 2 3 -6 -9 -4 -7 -8 -14 -12 -13 -17 -21 -22 -28 -29 -31 -36 -42 -34 -32 -33 -37 -2 32 42 38 32 32 35 29 21 18 19 -11 -8 -13 -5 -4 5 -0 -4 5 12 -2 9 26 -4 -26 -22 -21 -16 -15 -21
-14 -12 -7 -1 2 7 15 12 11 7 6 3 0 -3 -0 -7 -5 -13 -16 -20 -22 -26 -15 -13 -15 -2 -2 -5 -8 -11 -10 -9 -7 -4 -6 -5 -9 -5 -6 -5 4 -2 -3 6 0 -11 -9 -3 -1 -8 -6 -7 -9 -4 -9 -14 -20 -22 -29 -31 -33 -39 -48 -38 -28 -33 -18 20 42 48 52 46 29 36 23 16 -18 -2 -7 -1 -3 2 -4 -5 0 9 17 20 25 -16 -21 -16 -15 -18 -15 -12
-11 -7 -7 -8 -3 6 15 16 15 16 11 13 8 3 2 4 -7 -9 -10 -12 -18 -22 -25 -14 -8 2 -3 -1 -4 -7 -2 -7 -2 -4 -3 -1 5 6 1 -7 -5 -8 -13 -2 4 -6 -8 -0 -6 -4 -0 -2 -2 1 -4 -8 -14 -16 -16 -22 -22 -29 -37 -43 -48 -32 -34 -41 -23 27 54 22 10 31 18 -23 -15 3 4 5 11 6 4 11 15 23 23 21 6 -21 -4 -10 -11 -8 -8 -7
-7 -7 -4 -1 -0 3 9 17 19 24 12 16 15 14 9 6 1 -3 -8 -11 -12 -14 -18 -16 -5 5 -5 -2 -4 -5 -4 -3 -0 -3 2 6 -1 -3 -3 -5 -8 -9 -10 -12 -3 -8 -5 -0 -9 -7 -3 -2 3 0 -1 -5 -6 -6 -12 -16 -19 -25 -28 -29 -39 -43 -40 -37 -41 -45 -49 -34 7 7 -23 -14 1 12 15 19 15 18 20 22 26 30 30 33 30 25 -10 -7 -12 -7 3 0
-15 -7 -2 -1 -9 -6 0 -17 3 21 14 17 19 8 3 7 11 9 7 -3 -8 -12 -9 -6 -1 4 6 5 7 9 9 12 10 8 10 2 3 1 -5 -2 -2 -6 -9 -12 -7 -4 -2 -5 -6 3 3 2 2 5 4 1 -2 -1 -1 -7 -11 -12 -17 -26 -36 -34 -33 -40 -50 -45 -39 -40 -38 -29 -12 -6 17 19 23 33 22 28 34 40 35 47 44 37 -16 -25 -19 -10 -8 -6 1 -1
-21 -18 -15 -9 -14 -22 -28 -32 -24 2 -2 2 6 1 -6 -10 -10 -7 -7 -14 -10 -4 -6 2 -3 1 6 10 10 3 -0 1 1 1 1 0 -6 -5 -5 -3 2 -0 -5 -6 -1 -6 -1 -1 0 -0 1 3 4 8 3 9 10 4 4 -0 -5 -10 -12 -13 -16 -26 -33 -33 -37 -44 -44 -36 -26 -21 -8 13 39 42 37 33 32 39 44 51 36 21 -25 -37 -43 -33 -24 -28 -32 -23 -19 -10
-19 -15 -11 -12 -16 -24 -30 -20 -24 -30 -26 -21 -14 -10 -9 -13 -16 -13 -18 -13 -9 -5 -1 2 4 5 4 9 10 10 5 3 -1 -4 -7 -8 -8 -7 -8 2 -2 -6 1 6 2 3 4 4 7 8 11 11 15 14 10 20 19 15 12 8 5 -1 -6 -7 -11 -15 -26 -30 -26 -35 -36 -41 -44 -33 -46 -51 -35 16 45 48 51 47 31 20 -4 -49 -54 -46 -41 -34 -31 -33 -35 -36 -28 -16
