reca/docs/data/PA5_1997_2017_CHCAS2_S30kmFill_V.asc
ncols 813
nrows 670
xllcorner 112.925
yllcorner -43.575
cellsize 0.05
NODATA_value -9999.0
[rows 424 to 476 of 670, columns 192 to 287 of 813]
2 3 3 -1 9 8 10 17 15 24 27 28 29 26 24 22 18 23 21 17 26 21 27 26 16 12 2 -5 -4 -6 -6 -4 2 3 -1 -3 -6 -8 -6 -4 -5 -10 -14 -5 -3 -1 -0 -1 4 4 5 -0 3 4 4 5 3 7 2 2 -6 -5 -13 -18 -18 -8 -11 -11 -10 -7 -6 -5 1 9 10 10 6 3 -2 -2 2 6 7 -1 -8 -7 -5 -8 -10 -7 -8 -5 -2 -6 -9 -8
2 2 1 1 4 6 11 16 19 21 27 29 27 23 22 21 15 23 23 22 26 28 27 23 13 10 4 -6 -9 -3 -2 -7 2 2 8 3 -2 -5 -8 -5 -11 -16 -21 -9 -2 -6 -4 -1 5 7 7 7 7 4 4 3 0 -0 -2 -3 -2 -11 -17 -15 -10 -10 -11 -10 -8 -7 -6 -4 3 4 1 2 3 0 -2 1 5 8 8 4 -5 -2 -5 -6 -4 -8 -5 -5 -6 -7 -10 -11
3 -0 1 1 5 5 11 20 19 28 25 27 24 22 19 17 21 21 23 26 29 32 27 20 13 8 4 -1 -9 1 -5 -9 4 14 9 1 -4 -10 -13 -18 -20 -22 -24 -15 -6 -10 -8 1 9 20 16 16 17 12 6 2 -0 -3 1 -3 -5 -9 -8 -10 -9 -8 -12 -13 -10 -10 -7 -4 -2 -2 2 4 4 -1 -4 1 4 6 5 7 -2 -5 -8 -8 -8 -8 -5 -4 -5 -7 -6 -9
2 -3 0 -0 5 2 10 22 21 23 25 22 20 19 16 12 17 23 26 30 28 28 28 22 14 7 8 3 -8 -4 -2 -7 4 13 2 -9 -12 -18 -23 -29 -36 -42 -32 -22 -15 -18 -5 18 27 29 20 16 28 23 10 8 2 -4 -1 -5 -9 -6 -7 -6 -10 -9 -9 -9 -9 -8 -6 -5 -6 -4 1 5 -2 0 -2 6 6 2 1 1 -3 -7 -10 -9 -3 -5 -5 -4 -5 -5 -7 -9
3 1 -1 -1 5 1 19 17 20 22 21 19 16 15 14 15 23 22 32 31 28 27 27 22 13 12 4 1 -10 -13 -6 -8 -2 6 1 -7 -18 -27 -41 -45 -49 -54 -36 -32 -25 -22 -3 25 57 46 36 33 34 34 11 1 2 -6 -5 -9 -3 -2 -6 -4 -5 -5 -7 -8 -8 -9 -8 -7 -4 -4 -1 3 4 3 3 7 5 -0 -1 -3 -5 -8 -6 -8 -7 -4 -6 -4 -5 -8 -9 -7
4 0 2 3 0 8 16 14 17 18 14 14 13 13 16 19 17 32 31 29 31 31 29 24 15 6 0 -6 -12 -14 -10 4 -0 -3 -10 -7 -13 -30 -49 -54 -53 -54 -44 -41 -21 -8 6 24 47 52 51 60 47 37 17 6 -1 -4 -6 -3 -6 -7 -11 -12 -10 -6 -7 -9 -8 -8 -7 -8 -7 -3 2 -0 0 4 4 6 3 -2 -3 -0 -3 -5 -2 -3 -5 -8 -8 -6 -7 -9 -9 -10
4 -1 1 3 2 10 10 12 9 8 9 9 9 9 15 16 33 32 29 30 31 31 23 23 17 6 3 -7 -7 -13 -11 -8 -3 -6 -9 -11 -14 -38 -45 -46 -44 -54 -53 -42 -24 -8 1 18 36 55 55 57 44 28 18 10 6 7 1 2 -4 -9 -10 -11 -8 -9 -9 -9 -10 -9 -9 -9 -7 -5 -4 -3 -4 0 3 7 2 -3 -1 -3 -4 -6 -1 -1 -6 -8 -9 -9 -6 -8 -9 -9
1 -0 -0 -1 5 10 9 7 6 7 5 4 5 5 20 31 34 32 30 30 27 25 15 15 14 2 4 0 -5 -12 -4 -0 2 -4 -9 -15 -26 -42 -52 -63 -59 -61 -63 -49 -27 -2 9 21 36 56 66 74 65 41 30 19 7 -1 -2 -6 -9 -11 -11 -13 -14 -7 -10 -10 -9 -12 -13 -12 -9 -8 -9 -9 -6 1 3 4 1 -2 -1 -2 -4 -2 0 3 0 -4 -8 -5 -6 -5 -6 -5
4 -1 -3 -5 7 9 5 2 2 8 5 0 5 15 27 31 30 30 30 29 24 23 22 20 7 -1 5 -1 -11 -12 -3 -6 -8 -8 -8 -16 -29 -44 -54 -58 -61 -63 -61 -49 -22 8 20 26 34 54 65 72 69 49 34 22 6 -1 -8 -13 -13 -13 -14 -15 -16 -9 -11 -10 -11 -12 -13 -12 -10 -9 -6 -9 -7 -3 5 3 2 -0 -1 0 -1 -1 3 4 1 -2 -5 -5 -6 -7 -6 -6
1 -4 -6 -4 5 7 4 0 -2 -2 -1 4 12 21 26 30 28 32 28 29 31 23 23 12 2 3 4 -5 2 5 -0 -15 -22 -10 -9 -26 -39 -41 -44 -43 -49 -54 -49 -35 -9 11 26 37 49 72 76 68 66 51 33 14 -2 -12 -6 -12 -13 -14 -13 -15 -17 -13 -12 -12 -12 -12 -13 -14 -12 -11 -8 -6 -4 -1 3 -0 0 -2 -3 0 3 5 2 -0 -5 -2 -1 -7 -7 -7 -7 -5
3 -6 -4 -3 3 4 -1 -4 -4 -7 1 16 19 23 26 29 30 27 26 23 24 16 11 3 4 16 15 4 7 9 -2 -22 -30 -16 -7 -21 -34 -36 -37 -47 -54 -45 -34 -24 -5 13 24 49 54 57 56 55 59 48 33 19 6 -2 -14 -15 -12 -14 -19 -19 -17 -17 -16 -17 -16 -15 -9 -10 -10 -8 -8 -7 -3 -1 1 2 2 2 -3 0 3 3 1 -3 -5 -0 -5 -9 -3 -2 -1 0
3 -2 -2 0 1 -1 -6 -6 -8 -2 9 17 20 20 30 34 30 26 22 20 14 5 1 -1 0 20 14 -2 -6 3 -3 -22 -26 -20 -19 -20 -27 -34 -40 -46 -53 -46 -34 -21 -6 17 44 53 53 51 55 50 61 53 35 24 7 -7 -14 -16 -12 -15 -23 -21 -20 -18 -16 -19 -16 -8 -5 -5 -5 -5 -4 -4 -2 -3 -2 1 3 1 -2 -5 -2 -3 -6 -5 -8 -5 -3 -2 2 6 7 5
4 -0 -2 4 -2 -4 -6 -6 -1 7 17 19 23 26 28 27 24 22 16 11 10 3 -2 -7 -5 5 18 4 -12 -6 -1 -14 -24 -26 -15 -15 -20 -34 -49 -48 -48 -39 -30 -15 6 31 48 50 51 49 48 49 37 41 30 16 8 -5 -11 -11 -15 -21 -21 -22 -18 -13 -14 -16 -13 -11 -8 -8 -6 -6 -4 -2 -2 -3 -1 0 -0 -0 -4 -5 -6 -3 -5 -3 -3 1 1 0 4 7 6 3
-1 -5 -8 -7 -3 -6 -5 -0 15 20 17 19 24 27 28 24 21 20 12 6 3 -1 -3 -5 15 15 19 8 -1 -7 -8 -10 -19 -31 -19 -12 -18 -31 -46 -50 -46 -32 -21 -9 15 40 45 48 46 42 40 40 28 20 21 20 6 -7 -13 -16 -19 -24 -19 -19 -15 -17 -15 -13 -15 -13 -12 -8 -8 -4 -3 -4 -1 2 7 6 4 2 -2 -3 -4 -3 -3 -1 1 2 0 1 1 5 4 3
-2 -3 -9 -10 -8 -5 8 10 22 20 19 21 27 29 26 24 20 15 7 1 -4 -9 -10 5 15 12 10 1 -7 -15 -7 -6 -17 -28 -30 -23 -13 -20 -37 -44 -35 -21 -15 -6 16 43 55 52 46 40 41 33 26 19 18 18 4 -5 -13 -18 -21 -22 -20 -21 -20 -20 -17 -16 -14 -14 -10 -6 -4 -3 -1 1 -3 1 3 5 1 1 3 -2 -1 -2 -0 -1 6 5 3 5 7 11 4 -8
-6 -0 -7 -12 -12 12 17 21 18 17 23 21 20 25 21 23 19 12 3 -5 -8 -12 -17 9 11 4 15 7 -13 -21 -7 -7 -20 -24 -22 -13 -5 -12 -30 -45 -35 -24 -23 -8 26 43 52 51 39 48 45 37 29 20 18 11 0 -10 -14 -22 -24 -25 -25 -22 -24 -22 -21 -16 -12 -11 -7 -1 -1 -1 2 -4 -2 3 9 7 6 -0 1 3 2 3 0 1 4 7 5 4 -9 -10 -1 1
-5 5 -2 -3 -9 11 21 23 21 17 17 18 26 18 16 15 14 7 0 -4 -7 -13 -18 20 8 5 8 4 -11 -24 -16 -10 -13 -17 -20 -4 -6 -19 -29 -39 -41 -37 -25 -8 30 45 53 46 43 42 38 27 22 21 11 5 -3 -11 -15 -18 -20 -22 -23 -20 -31 -32 -27 -21 -23 -20 -16 -21 -2 2 3 10 11 17 17 21 11 14 3 11 17 -4 -12 -14 -16 -15 -9 -6 1 10 14 15
-2 5 5 -1 7 16 21 25 20 19 13 20 20 13 17 10 10 2 -3 -5 -12 -16 -3 10 3 -1 1 1 -9 -9 -12 -14 -13 -13 -13 -10 -13 -19 -36 -34 -40 -36 -19 6 37 47 51 45 41 34 34 23 15 12 10 6 -5 -12 -14 -19 -21 -32 -31 -27 -24 -22 -20 -21 -32 -32 -31 -15 -10 16 12 10 16 18 8 10 8 9 9 5 -3 -7 -5 -6 -5 0 3 4 9 10 -9 -9
0 4 2 1 17 16 21 20 22 21 15 17 14 14 13 7 4 5 -9 -13 -12 -20 9 8 10 -3 -1 8 -1 -6 -4 -7 -10 -10 -5 -13 -23 -26 -37 -39 -40 -27 -16 3 33 44 41 43 42 30 30 23 20 13 8 3 -5 -13 -17 -19 -31 -30 -26 -19 -17 -32 -32 -29 -40 -43 -10 5 4 1 -1 12 15 16 3 1 2 6 -2 -4 -5 -2 2 3 3 1 -1 -16 -11 -7 -7 -10
6 4 -5 3 21 24 19 21 21 14 13 15 16 12 8 6 2 -5 -11 -14 -20 -17 7 19 4 11 10 7 1 -0 -6 -13 -8 -12 -4 -12 -20 -29 -32 -27 -35 -19 -13 5 22 38 38 39 37 30 27 27 21 12 6 3 -2 -13 -28 -26 -22 -22 -19 -34 -43 -58 -62 -62 -46 -9999 -9999 -9999 -9999 -9999 -9999 -9999 -9999 29 8 10 24 24 18 -6 -21 -7 -15 -17 -24 -30 -30 -9999 -9999 -9999 -9999 -9999
12 1 -3 -8 21 19 15 19 14 11 11 11 9 9 6 2 3 -1 -6 -11 -4 23 12 4 3 2 -0 0 2 -0 -5 -11 -8 -9 -11 -17 -16 -29 -33 -29 -31 -25 -16 6 19 25 32 36 31 27 25 23 21 10 3 6 0 -15 -19 -17 -30 -33 -47 -49 -60 -77 -9999 -9999 -9999 -9999 -9999 -9999 -9999 -9999 -9999 -9999 -9999 -9999 -9999 -9999 -9999 -9999 -9999 -9999 -9999 -9999 -9999 -9999 -9999 -9999 -9999 -9999 -9999 -9999 -9999 -9999
6 5 0 -1 4 -0 10 8 10 11 9 11 7 8 6 8 2 -2 -2 -12 3 19 8 3 8 -6 7 4 -2 0 -3 -6 -8 -10 -12 -15 -24 -32 -38 -36 -35 -24 -6 10 17 25 30 31 29 26 21 19 17 7 5 -7 -5 -10 -18 -35 -31 -43 -60 -62 -92 -9999 -9999 -9999 -9999 -9999 -9999 -9999 -9999 -9999 -9999 -9999 -9999 -9999 -9999 -9999 -9999 -9999 -9999 -9999 -9999 -9999 -9999 -9999 -9999 -9999 -9999 -9999 -9999 -9999 -9999 -9999
10 8 6 6 -0 5 8 6 8 9 13 11 6 11 10 3 -6 -11 -13 -10 -1 16 7 1 12 9 2 2 2 -0 -9 -4 -7 -8 -17 -24 -27 -33 -36 -24 -12 -4 0 9 21 27 30 31 28 23 19 16 11 -2 -4 -8 -9 -30 -35 -47 -45 -57 -89 -9999 -9999 -9999 -9999 -9999 -9999 -9999 -9999 -9999 -9999 -9999 -9999 -9999 -9999 -9999 -9999 -9999 -9999 -9999 -9999 -9999 -9999 -9999 -9999 -9999 -9999 -9999 -9999 -9999 -9999 -9999 -9999 -9999
8 11 5 0 7 13 13 4 10 12 12 9 1 3 6 1 -9 -8 -8 1 4 9 8 9 8 10 4 3 0 -12 -17 -18 -14 -18 -23 -27 -23 -13 -16 -6 2 3 5 7 19 23 25 27 25 7 5 4 1 -1 -10 -12 -36 -41 -42 -44 -61 -75 -9999 -9999 -9999 -9999 -9999 -9999 -9999 -9999 -9999 -9999 -9999 -9999 -9999 -9999 -9999 -9999 -9999 -9999 -9999 -9999 -9999 -9999 -9999 -9999 -9999 -9999 -9999 -9999 -9999 -9999 -9999 -9999 -9999 -9999
14 14 8 -1 9 15 15 4 8 12 11 9 0 3 -1 -0 -7 -9 -6 6 9 11 7 2 8 15 6 2 -4 -9 -14 -17 -21 -26 -22 -18 -12 -6 -9 -7 -4 -2 3 4 7 15 24 12 9 5 5 2 0 -17 -40 -42 -47 -41 -26 -61 -9999 -9999 -9999 -9999 -9999 -9999 -9999 -9999 -9999 -9999 -9999 -9999 -9999 -9999 -9999 -9999 -9999 -9999 -9999 -9999 -9999 -9999 -9999 -9999 -9999 -9999 -9999 -9999 -9999 -9999 -9999 -9999 -9999 -9999 -9999 -9999
13 16 8 1 11 16 19 4 5 14 7 4 6 5 -2 -7 -10 -11 0 6 7 9 4 -3 3 15 6 2 -2 -4 -13 -16 -17 -24 -25 -17 -11 -3 -6 -12 -7 1 5 3 -9 -4 2 4 0 1 3 -24 -35 -51 -37 -42 -21 -51 -9999 -9999 -9999 -9999 -9999 -9999 -9999 -9999 -9999 -9999 -9999 -9999 -9999 -9999 -9999 -9999 -9999 -9999 -9999 -9999 -9999 -9999 -9999 -9999 -9999 -9999 -9999 -9999 -9999 -9999 -9999 -9999 -9999 -9999 -9999 -9999 -9999 -9999
8 13 10 -1 -2 16 19 9 10 14 9 5 5 1 -8 -10 -13 -12 14 12 13 1 -3 -1 11 14 7 7 -2 -8 -10 -10 -13 -20 -20 -20 -19 -17 -9 -12 -1 5 4 -8 -6 2 2 -2 -36 -31 -33 -49 -51 -44 -9999 -9999 -9999 -9999 -9999 -9999 -9999 -9999 -9999 -9999 -9999 -9999 -9999 -9999 -9999 -9999 -9999 -9999 -9999 -9999 -9999 -9999 -9999 -9999 -9999 -9999 -9999 -9999 -9999 -9999 -9999 -9999 -9999 -9999 -9999 -9999 -9999 -9999 -9999 -9999 -9999 -9999
3 10 7 -3 -6 6 5 -5 10 13 9 5 2 -6 -9 -10 -14 -12 23 18 9 9 15 15 17 15 10 3 -3 -8 -8 -10 -16 -20 -14 -17 -16 -11 -3 -0 -3 5 -6 -1 0 0 -19 -34 -50 -50 -49 -51 -9999 -9999 -9999 -9999 -9999 -9999 -9999 -9999 -9999 -9999 -9999 -9999 -9999 -9999 -9999 -9999 -9999 -9999 -9999 -9999 -9999 -9999 -9999 -9999 -9999 -9999 -9999 -9999 -9999 -9999 -9999 -9999 -9999 -9999 -9999 -9999 -9999 -9999 -9999 -9999 -9999 -9999 -9999 -9999
-4 1 2 -2 -3 -2 -4 -4 15 7 8 7 3 -4 -9 -10 -17 -0 23 12 10 -2 0 14 17 15 7 4 -4 -9 -15 -17 -13 -16 -14 -15 -11 -1 0 -3 -10 -2 -0 -26 -24 -21 -33 -48 -69 -9999 -9999 -9999 -9999 -9999 -9999 -9999 -9999 -9999 -9999 -9999 -9999 -9999 -9999 -9999 -9999 -9999 -9999 -9999 -9999 -9999 -9999 -9999 -9999 -9999 -9999 -9999 -9999 -9999 -9999 -9999 -9999 -9999 -9999 -9999 -9999 -9999 -9999 -9999 -9999 -9999 -9999 -9999 -9999 -9999 -9999 -9999
-5 -3 1 -1 -8 -3 3 5 3 0 -6 7 7 1 -1 -9 -15 -3 16 10 12 1 -5 11 12 9 2 -0 -6 -11 -14 -9 -19 -24 -27 -25 -22 -17 -20 -17 -6 -5 -20 -19 -25 -22 -30 -73 -9999 -9999 -9999 -9999 -9999 -9999 -9999 -9999 -9999 -9999 -9999 -9999 -9999 -9999 -9999 -9999 -9999 -9999 -9999 -9999 -9999 -9999 -9999 -9999 -9999 -9999 -9999 -9999 -9999 -9999 -9999 -9999 -9999 -9999 -9999 -9999 -9999 -9999 -9999 -9999 -9999 -9999 -9999 -9999 -9999 -9999 -9999 -9999
-2 -1 1 -1 -8 -5 3 2 2 -8 -8 -6 6 -6 -8 -5 -7 4 3 1 8 1 9 8 8 4 -2 -6 -10 -12 -22 -29 -33 -32 -26 -27 -33 -29 -31 -26 -9 -21 -15 -10 -21 -38 -56 -9999 -9999 -9999 -9999 -9999 -9999 -9999 -9999 -9999 -9999 -9999 -9999 -9999 -9999 -9999 -9999 -9999 -9999 -9999 -9999 -9999 -9999 -9999 -9999 -9999 -9999 -9999 -9999 -9999 -9999 -9999 -9999 -9999 -9999 -9999 -9999 -9999 -9999 -9999 -9999 -9999 -9999 -9999 -9999 -9999 -9999 -9999 -9999 -9999
2 -5 -4 -1 -6 -7 -3 2 -1 -8 -5 7 4 -3 -8 -5 -7 6 -2 5 8 10 9 10 6 -1 -11 -11 -24 -28 -27 -30 -28 -25 -33 -32 -34 -38 -31 -27 -23 -9 -6 -2 -39 -9999 -9999 -9999 -9999 -9999 -9999 -9999 -9999 -9999 -9999 -9999 -9999 -9999 -9999 -9999 -9999 -9999 -9999 -9999 -9999 -9999 -9999 -9999 -9999 -9999 -9999 -9999 -9999 -9999 -9999 -9999 -9999 -9999 -9999 -9999 -9999 -9999 -9999 -9999 -9999 -9999 -9999 -9999 -9999 -9999 -9999 -9999 -9999 -9999 -9999 -9999
-1 -6 -8 -8 -6 -7 -6 -7 -10 -11 -1 -5 4 -7 -4 -5 -8 -3 3 3 2 9 4 -1 -1 -4 -15 -20 -30 -35 -35 -36 -47 -50 -55 -59 -62 -22 -26 -9999 -9999 -9999 -9999 -9999 -9999 -9999 -9999 -9999 -9999 -9999 -9999 -9999 -9999 -9999 -9999 -9999 -9999 -9999 -9999 -9999 -9999 -9999 -9999 -9999 -9999 -9999 -9999 -9999 -9999 -9999 -9999 -9999 -9999 -9999 -9999 -9999 -9999 -9999 -9999 -9999 -9999 -9999 -9999 -9999 -9999 -9999 -9999 -9999 -9999 -9999 -9999 -9999 -9999 -9999 -9999 -9999
2 -7 -11 -10 -5 -3 -5 -8 -9 -13 -16 -11 2 -2 -4 -5 -2 -0 4 3 -0 3 -5 -6 -8 -12 -16 -21 -33 -49 -48 -58 -67 -60 -77 -9999 -9999 -9999 -9999 -9999 -9999 -9999 -9999 -9999 -9999 -9999 -9999 -9999 -9999 -9999 -9999 -9999 -9999 -9999 -9999 -9999 -9999 -9999 -9999 -9999 -9999 -9999 -9999 -9999 -9999 -9999 -9999 -9999 -9999 -9999 -9999 -9999 -9999 -9999 -9999 -9999 -9999 -9999 -9999 -9999 -9999 -9999 -9999 -9999 -9999 -9999 -9999 -9999 -9999 -9999 -9999 -9999 -9999 -9999 -9999 -9999
-2 -8 -8 -6 -0 -7 -8 -16 -11 -9 -11 -3 -11 -3 -4 -2 -9 -3 2 3 3 -2 -7 -9 -11 -14 -15 -51 -43 -43 -61 -63 -84 -9999 -9999 -9999 -9999 -9999 -9999 -9999 -9999 -9999 -9999 -9999 -9999 -9999 -9999 -9999 -9999 -9999 -9999 -9999 -9999 -9999 -9999 -9999 -9999 -9999 -9999 -9999 -9999 -9999 -9999 -9999 -9999 -9999 -9999 -9999 -9999 -9999 -9999 -9999 -9999 -9999 -9999 -9999 -9999 -9999 -9999 -9999 -9999 -9999 -9999 -9999 -9999 -9999 -9999 -9999 -9999 -9999 -9999 -9999 -9999 -9999 -9999 -9999
-2 -3 -2 -4 -6 -6 -13 -16 -10 -9 -8 -8 -11 -6 -7 -14 -10 -1 0 0 -1 -4 -7 -11 -14 -17 -36 -51 -37 -42 -84 -94 -9999 -9999 -9999 -9999 -9999 -9999 -9999 -9999 -9999 -9999 -9999 -9999 -9999 -9999 -9999 -9999 -9999 -9999 -9999 -9999 -9999 -9999 -9999 -9999 -9999 -9999 -9999 -9999 -9999 -9999 -9999 -9999 -9999 -9999 -9999 -9999 -9999 -9999 -9999 -9999 -9999 -9999 -9999 -9999 -9999 -9999 -9999 -9999 -9999 -9999 -9999 -9999 -9999 -9999 -9999 -9999 -9999 -9999 -9999 -9999 -9999 -9999 -9999 -9999
-1 -1 -4 -7 -10 -13 -15 -12 -6 -7 -8 -11 -9 -7 -9 -12 -7 -3 -0 0 -5 -5 -6 -6 -13 -38 -49 -51 -49 -56 -97 -9999 -9999 -9999 -9999 -9999 -9999 -9999 -9999 -9999 -9999 -9999 -9999 -9999 -9999 -9999 -9999 -9999 -9999 -9999 -9999 -9999 -9999 -9999 -9999 -9999 -9999 -9999 -9999 -9999 -9999 -9999 -9999 -9999 -9999 -9999 -9999 -9999 -9999 -9999 -9999 -9999 -9999 -9999 -9999 -9999 -9999 -9999 -9999 -9999 -9999 -9999 -9999 -9999 -9999 -9999 -9999 -9999 -9999 -9999 -9999 -9999 -9999 -9999 -9999 -9999
-2 -10 -11 -13 -14 -16 -16 -11 -5 -4 -6 -2 3 0 -7 -8 -6 -3 3 -2 -6 -6 -5 -10 -16 -37 -44 -46 -65 -61 -123 -9999 -9999 -9999 -9999 -9999 -9999 -9999 -9999 -9999 -9999 -9999 -9999 -9999 -9999 -9999 -9999 -9999 -9999 -9999 -9999 -9999 -9999 -9999 -9999 -9999 -9999 -9999 -9999 -9999 -9999 -9999 -9999 -9999 -9999 -9999 -9999 -9999 -9999 -9999 -9999 -9999 -9999 -9999 -9999 -9999 -9999 -9999 -9999 -9999 -9999 -9999 -9999 -9999 -9999 -9999 -9999 -9999 -9999 -9999 -9999 -9999 -9999 -9999 -9999 -9999
-2 -5 -10 -15 -12 -16 -13 -10 -2 -2 3 -0 3 5 -5 -9 -7 1 4 3 -5 -7 -2 -2 -13 -32 -46 -52 -45 -80 -123 -9999 -9999 -9999 -9999 -9999 -9999 -9999 -9999 -9999 -9999 -9999 -9999 -9999 -9999 -9999 -9999 -9999 -9999 -9999 -9999 -9999 -9999 -9999 -9999 -9999 -9999 -9999 -9999 -9999 -9999 -9999 -9999 -9999 -9999 -9999 -9999 -9999 -9999 -9999 -9999 -9999 -9999 -9999 -9999 -9999 -9999 -9999 -9999 -9999 -9999 -9999 -9999 -9999 -9999 -9999 -9999 -9999 -9999 -9999 -9999 -9999 -9999 -9999 -9999 -9999
-5 -6 -10 -12 -21 -19 -9 -2 -8 -0 2 12 16 10 -5 -7 -4 8 4 3 -2 -5 -2 -5 -28 -30 -51 -52 -61 -106 -9999 -9999 -9999 -9999 -9999 -9999 -9999 -9999 -9999 -9999 -9999 -9999 -9999 -9999 -9999 -9999 -9999 -9999 -9999 -9999 -9999 -9999 -9999 -9999 -9999 -9999 -9999 -9999 -9999 -9999 -9999 -9999 -9999 -9999 -9999 -9999 -9999 -9999 -9999 -9999 -9999 -9999 -9999 -9999 -9999 -9999 -9999 -9999 -9999 -9999 -9999 -9999 -9999 -9999 -9999 -9999 -9999 -9999 -9999 -9999 -9999 -9999 -9999 -9999 -9999 -9999
-8 -14 -9 -16 -38 -33 -7 5 0 -5 16 34 36 9 -4 6 19 17 4 1 2 -4 -8 -8 -30 -47 -48 -55 -81 -132 -9999 -9999 -9999 -9999 -9999 -9999 -9999 -9999 -9999 -9999 -9999 -9999 -9999 -9999 -9999 -9999 -9999 -9999 -9999 -9999 -9999 -9999 -9999 -9999 -9999 -9999 -9999 -9999 -9999 -9999 -9999 -9999 -9999 -9999 -9999 -9999 -9999 -9999 -9999 -9999 -9999 -9999 -9999 -9999 -9999 -9999 -9999 -9999 -9999 -9999 -9999 -9999 -9999 -9999 -9999 -9999 -9999 -9999 -9999 -9999 -9999 -9999 -9999 -9999 -9999 -9999
-15 -13 -21 -32 -42 -30 -0 12 11 11 36 58 51 22 29 23 12 8 1 -3 1 -3 -7 -31 -49 -54 -37 -43 -119 -9999 -9999 -9999 -9999 -9999 -9999 -9999 -9999 -9999 -9999 -9999 -9999 -9999 -9999 -9999 -9999 -9999 -9999 -9999 -9999 -9999 -9999 -9999 -9999 -9999 -9999 -9999 -9999 -9999 -9999 -9999 -9999 -9999 -9999 -9999 -9999 -9999 -9999 -9999 -9999 -9999 -9999 -9999 -9999 -9999 -9999 -9999 -9999 -9999 -9999 -9999 -9999 -9999 -9999 -9999 -9999 -9999 -9999 -9999 -9999 -9999 -9999 -9999 -9999 -9999 -9999 -9999
-9 -13 -22 -32 -36 -8 5 21 38 44 68 60 50 40 41 34 24 5 3 4 7 1 -14 -48 -50 -45 -43 -52 -132 -9999 -9999 -9999 -9999 -9999 -9999 -9999 -9999 -9999 -9999 -9999 -9999 -9999 -9999 -9999 -9999 -9999 -9999 -9999 -9999 -9999 -9999 -9999 -9999 -9999 -9999 -9999 -9999 -9999 -9999 -9999 -9999 -9999 -9999 -9999 -9999 -9999 -9999 -9999 -9999 -9999 -9999 -9999 -9999 -9999 -9999 -9999 -9999 -9999 -9999 -9999 -9999 -9999 -9999 -9999 -9999 -9999 -9999 -9999 -9999 -9999 -9999 -9999 -9999 -9999 -9999 -9999
-0 -6 -21 -24 -18 -1 13 34 41 64 62 57 51 45 40 30 26 13 6 6 7 -2 -24 -48 -39 -22 -43 -69 -155 -9999 -9999 -9999 -9999 -9999 -9999 -9999 -9999 -9999 -9999 -9999 -9999 -9999 -9999 -9999 -9999 -9999 -9999 -9999 -9999 -9999 -9999 -9999 -9999 -9999 -9999 -9999 -9999 -9999 -9999 -9999 -9999 -9999 -9999 -9999 -9999 -9999 -9999 -9999 -9999 -9999 -9999 -9999 -9999 -9999 -9999 -9999 -9999 -9999 -9999 -9999 -9999 -9999 -9999 -9999 -9999 -9999 -9999 -9999 -9999 -9999 -9999 -9999 -9999 -9999 -9999 -9999
-15 -4 -16 -29 -8 13 18 26 40 74 71 56 56 47 43 30 16 23 16 14 16 -6 -14 -36 -26 -25 -74 -109 -157 -9999 -9999 -9999 -9999 -9999 -9999 -9999 -9999 -9999 -9999 -9999 -9999 -9999 -9999 -9999 -9999 -9999 -9999 -9999 -9999 -9999 -9999 -9999 -9999 -9999 -9999 -9999 -9999 -9999 -9999 -9999 -9999 -9999 -9999 -9999 -9999 -9999 -9999 -9999 -9999 -9999 -9999 -9999 -9999 -9999 -9999 -9999 -9999 -9999 -9999 -9999 -9999 -9999 -9999 -9999 -9999 -9999 -9999 -9999 -9999 -9999 -9999 -9999 -9999 -9999 -9999 -9999
-7 -3 -14 -14 10 27 33 26 49 78 77 55 40 36 45 31 15 23 20 19 -7 -12 -37 -26 -35 -52 -80 -132 -9999 -9999 -9999 -9999 -9999 -9999 -9999 -9999 -9999 -9999 -9999 -9999 -9999 -9999 -9999 -9999 -9999 -9999 -9999 -9999 -9999 -9999 -9999 -9999 -9999 -9999 -9999 -9999 -9999 -9999 -9999 -9999 -9999 -9999 -9999 -9999 -9999 -9999 -9999 -9999 -9999 -9999 -9999 -9999 -9999 -9999 -9999 -9999 -9999 -9999 -9999 -9999 -9999 -9999 -9999 -9999 -9999 -9999 -9999 -9999 -9999 -9999 -9999 -9999 -9999 -9999 -9999 -9999
-8 -12 -7 -1 16 25 18 26 51 70 75 45 42 32 25 22 23 26 19 -7 -11 -18 -24 -10 -34 -70 -127 -9999 -9999 -9999 -9999 -9999 -9999 -9999 -9999 -9999 -9999 -9999 -9999 -9999 -9999 -9999 -9999 -9999 -9999 -9999 -9999 -9999 -9999 -9999 -9999 -9999 -9999 -9999 -9999 -9999 -9999 -9999 -9999 -9999 -9999 -9999 -9999 -9999 -9999 -9999 -9999 -9999 -9999 -9999 -9999 -9999 -9999 -9999 -9999 -9999 -9999 -9999 -9999 -9999 -9999 -9999 -9999 -9999 -9999 -9999 -9999 -9999 -9999 -9999 -9999 -9999 -9999 -9999 -9999 -9999
-6 -2 -10 -0 16 22 21 32 59 64 68 44 43 43 23 15 20 14 5 -12 -15 -14 -12 -29 -92 -9999 -9999 -9999 -9999 -9999 -9999 -9999 -9999 -9999 -9999 -9999 -9999 -9999 -9999 -9999 -9999 -9999 -9999 -9999 -9999 -9999 -9999 -9999 -9999 -9999 -9999 -9999 -9999 -9999 -9999 -9999 -9999 -9999 -9999 -9999 -9999 -9999 -9999 -9999 -9999 -9999 -9999 -9999 -9999 -9999 -9999 -9999 -9999 -9999 -9999 -9999 -9999 -9999 -9999 -9999 -9999 -9999 -9999 -9999 -9999 -9999 -9999 -9999 -9999 -9999 -9999 -9999 -9999 -9999 -9999 -9999
4 -10 -6 4 -1 5 34 38 40 61 52 49 27 27 52 51 9 2 -2 -2 -22 -13 -35 -95 -9999 -9999 -9999 -9999 -9999 -9999 -9999 -9999 -9999 -9999 -9999 -9999 -9999 -9999 -9999 -9999 -9999 -9999 -9999 -9999 -9999 -9999 -9999 -9999 -9999 -9999 -9999 -9999 -9999 -9999 -9999 -9999 -9999 -9999 -9999 -9999 -9999 -9999 -9999 -9999 -9999 -9999 -9999 -9999 -9999 -9999 -9999 -9999 -9999 -9999 -9999 -9999 -9999 -9999 -9999 -9999 -9999 -9999 -9999 -9999 -9999 -9999 -9999 -9999 -9999 -9999 -9999 -9999 -9999 -9999 -9999 -9999
-6 -7 -2 5 -8 -1 23 45 36 52 29 26 19 27 70 52 30 -1 10 -8 -11 -22 -39 -96 -9999 -9999 -9999 -9999 -9999 -9999 -9999 -9999 -9999 -9999 -9999 -9999 -9999 -9999 -9999 -9999 -9999 -9999 -9999 -9999 -9999 -9999 -9999 -9999 -9999 -9999 -9999 -9999 -9999 -9999 -9999 -9999 -9999 -9999 -9999 -9999 -9999 -9999 -9999 -9999 -9999 -9999 -9999 -9999 -9999 -9999 -9999 -9999 -9999 -9999 -9999 -9999 -9999 -9999 -9999 -9999 -9999 -9999 -9999 -9999 -9999 -9999 -9999 -9999 -9999 -9999 -9999 -9999 -9999 -9999 -9999 -9999
-30 -23 -6 7 -5 6 19 39 55 38 25 46 22 16 28 41 21 13 -2 4 -15 -41 -74 -9999 -9999 -9999 -9999 -9999 -9999 -9999 -9999 -9999 -9999 -9999 -9999 -9999 -9999 -9999 -9999 -9999 -9999 -9999 -9999 -9999 -9999 -9999 -9999 -9999 -9999 -9999 -9999 -9999 -9999 -9999 -9999 -9999 -9999 -9999 -9999 -9999 -9999 -9999 -9999 -9999 -9999 -9999 -9999 -9999 -9999 -9999 -9999 -9999 -9999 -9999 -9999 -9999 -9999 -9999 -9999 -9999 -9999 -9999 -9999 -9999 -9999 -9999 -9999 -9999 -9999 -9999 -9999 -9999 -9999 -9999 -9999 -9999
-38 -23 10 30 -9999 -6 10 41 4 -9999 -9999 73 23 -8 -16 -2 -19 8 35 17 -61 -9999 -9999 -9999 -9999 -9999 -9999 -9999 -9999 -9999 -9999 -9999 -9999 -9999 -9999 -9999 -9999 -9999 -9999 -9999 -9999 -9999 -9999 -9999 -9999 -9999 -9999 -9999 -9999 -9999 -9999 -9999 -9999 -9999 -9999 -9999 -9999 -9999 -9999 -9999 -9999 -9999 -9999 -9999 -9999 -9999 -9999 -9999 -9999 -9999 -9999 -9999 -9999 -9999 -9999 -9999 -9999 -9999 -9999 -9999 -9999 -9999 -9999 -9999 -9999 -9999 -9999 -9999 -9999 -9999 -9999 -9999 -9999 -9999 -9999 -9999
-47 -9999 -9999 -9999 -9999 -9999 -9999 -9999 -9999 -9999 -9999 -9999 36 -7 -38 -9999 -9999 -9999 -9999 -11 -9999 -9999 -9999 -9999 -9999 -9999 -9999 -9999 -9999 -9999 -9999 -9999 -9999 -9999 -9999 -9999 -9999 -9999 -9999 -9999 -9999 -9999 -9999 -9999 -9999 -9999 -9999 -9999 -9999 -9999 -9999 -9999 -9999 -9999 -9999 -9999 -9999 -9999 -9999 -9999 -9999 -9999 -9999 -9999 -9999 -9999 -9999 -9999 -9999 -9999 -9999 -9999 -9999 -9999 -9999 -9999 -9999 -9999 -9999 -9999 -9999 -9999 -9999 -9999 -9999 -9999 -9999 -9999 -9999 -9999 -9999 -9999 -9999 -9999 -9999 -9999
