reca/docs/data/PA5_1997_2017_CHCAS2_S30kmFill_U.asc
ncols 813
nrows 670
xllcorner 112.925
yllcorner -43.575
cellsize 0.05
NODATA_value -9999.0
[rows 336 to 383 of 670, columns 96 to 191 of 813]
-30 -29 -35 -27 -31 -30 -25 -30 -17 -14 -19 -27 -22 -23 -20 -18 -23 -20 -15 -18 -9 -26 -22 -13 -6 -4 -5 -4 3 5 -2 -7 -11 -5 1 -0 -0 -0 -5 -3 -5 -18 -6 -11 -8 -12 -8 4 8 -7 -21 -34 -29 -12 -1 3 -13 -11 -15 -12 -4 7 1 -3 -4 -10 -10 -19 -10 -9 -15 -15 -23 -24 -29 -27 -27 -27 -23 -27 -38 -41 -43 -40 -40 -33 -25 -30 -25 -21 -22 -16 -12 -16 -17 -11
-20 -22 -28 -27 -25 -23 -27 -29 -23 -22 -8 -2 -10 -17 -25 -21 -20 -16 -19 -17 -21 -24 -10 -5 -7 -8 -13 -10 -8 -3 -4 -8 -10 -7 -2 1 -2 -2 -2 -11 -13 -11 -6 -3 -5 -6 -5 -8 -7 -14 -21 -24 -18 -8 -26 -4 8 -1 -8 -13 -19 10 5 -9 2 -10 -6 -15 -17 -19 -17 -14 -16 -16 -22 -19 -16 -20 -16 -29 -37 -40 -38 -31 -32 -31 -26 -19 -21 -20 -21 -18 -16 -11 -11 -15
-9 -10 -15 -16 -15 -24 -17 -13 -12 -19 -18 -17 -24 -20 -26 -15 -14 -19 -15 -15 -11 -20 -17 -14 -14 -16 -15 -18 -15 -17 -14 -8 -8 -5 5 7 4 5 6 2 1 0 4 2 -4 -5 -5 -20 -16 -22 -27 -13 -5 -17 -10 -13 -12 -4 1 -3 -16 -19 -16 -16 3 -5 2 -12 -17 -20 -18 -14 -11 -23 -16 -14 -17 -25 -25 -31 -35 -37 -36 -36 -33 -26 -23 -32 -29 -24 -30 -22 -16 -18 -24 -16
5 0 -2 -5 -6 -28 -22 -18 -14 -22 -17 -21 -18 -17 -18 -22 -23 -15 -9 -19 -13 -14 -12 -5 -26 -16 -9 -15 -9 -20 -12 -6 -3 -6 1 7 10 2 -2 8 6 1 -5 -1 -2 -2 0 -7 -11 -8 -7 -8 -14 -15 -15 -7 -0 5 -11 -16 -13 -10 -4 -12 -13 -7 -9 -12 -16 -16 -12 -9 -4 -23 -27 -20 -17 -26 -34 -31 -28 -28 -31 -33 -34 -34 -36 -33 -30 -25 -24 -19 -14 -15 -16 -24
-1 7 3 3 -21 -19 -23 -13 -22 -15 -23 -21 -17 -18 -15 -16 -17 -11 -12 -17 -14 -17 -16 -11 -21 -27 -15 -8 -17 -15 -12 -7 -10 -10 -11 -4 -2 -6 -7 5 6 5 -1 -4 -2 -6 -7 -5 -6 -3 -1 -3 -4 -7 -5 -2 -5 9 7 8 -2 -1 -3 -5 -5 -2 -6 -2 -3 -13 -12 -13 -12 -14 -19 -22 -12 -17 -24 -28 -28 -27 -29 -32 -31 -29 -30 -24 -24 -22 -18 -14 -12 -16 -23 -22
-14 6 16 5 -12 -12 -11 -5 -12 -21 -19 -15 -34 -22 -30 -17 -14 -20 -17 -17 -22 -13 -8 -15 -13 -20 -22 -18 -20 -19 -15 -16 -17 -19 -11 -12 -5 -4 -7 -5 -14 2 10 5 -2 -2 -4 -16 -9 -4 -5 -8 -5 -0 14 6 -4 3 13 11 4 -3 -1 7 12 7 2 -5 -6 -14 -12 -17 -9 -14 -26 -24 -9 -2 -15 -13 -16 -18 -23 -24 -21 -22 -20 -19 -18 -23 -26 -16 -17 -15 -22 -22
-19 -10 20 -6 7 2 -4 -13 -24 -32 -24 -9 -33 -24 -31 -24 -16 -12 -17 -19 -18 -15 -14 -8 -14 -18 -23 -22 -18 -17 -16 -18 -17 -16 -16 -8 -8 -4 -14 -12 0 12 8 7 8 -1 2 -7 -8 -1 -12 -3 0 1 3 20 3 -6 -4 -12 4 10 8 -2 -2 -24 -7 -8 -14 -14 -9 -12 -11 -18 -24 -20 -14 -18 -3 -3 -7 -10 -9 -13 -16 -17 -20 -24 -22 -23 -27 -26 -20 -16 -12 -18
-19 -16 -14 -13 -7 -19 -21 -18 -15 -11 -15 -17 -14 -21 -29 -30 -23 -28 -15 -34 -18 -30 -25 -14 -18 -18 -12 -14 -17 -13 -12 -12 -11 -10 -12 -8 -5 -2 4 1 -4 3 -12 -7 -10 -10 -0 -4 -5 3 -6 -7 -16 -1 2 -2 -1 -10 -12 2 12 15 -2 -30 -31 -32 -28 -6 -8 -7 -10 -5 -7 -6 -12 -14 -10 -27 -6 -0 6 3 -6 -11 -9 -21 -9 -15 -28 -24 -24 -19 -20 -17 -14 -12
-20 -19 -20 -20 -19 -17 -15 -13 -21 -17 -17 -31 -17 -22 -27 -26 -26 -32 -25 -25 -27 -38 -38 -32 -31 -31 -16 -17 -16 -19 -15 -10 -14 -6 -6 -6 -1 13 11 12 2 5 -5 -5 -11 -4 -5 3 -5 -12 -13 -9 -10 -17 -10 -7 -4 -8 -16 -9 6 -8 -21 -37 -24 -20 -5 -5 8 2 -12 -13 -13 2 -2 1 -8 -20 -17 1 -2 6 1 4 -16 -6 -10 -25 -26 -21 -18 -19 -16 -15 -16 -27
-19 -12 -14 -12 -12 -5 -6 -14 -22 -14 -13 -13 -12 -10 -14 -18 -21 -26 -33 -29 -28 -29 -31 -24 -25 -27 -18 -7 -18 -13 -14 -13 -12 -2 -1 -5 -0 3 3 2 4 4 4 5 1 -1 1 3 2 -8 -9 -6 -10 -14 -15 -5 -9 -10 -8 -10 0 -13 -23 -26 -25 -23 -27 -27 -8 4 -3 -16 -24 -10 -9 -5 -7 -6 -7 -2 6 -8 -9 -10 -18 -1 -25 -19 -14 -13 -15 -31 -7 -9 -20 -31
-22 -9 -12 -10 -3 -4 -5 -7 -10 -5 -10 -5 -4 -9 -9 -10 -16 -21 -26 -26 -30 -26 -29 -17 -21 -27 -29 -23 -21 -18 -12 -10 -3 -0 8 1 7 5 2 3 10 8 9 6 0 0 11 8 4 -8 -10 -3 -8 -11 -17 -9 -7 -6 -4 1 -6 -15 -12 -13 -15 -16 -29 -27 -28 -6 3 -1 -2 -3 -2 2 6 10 13 13 13 6 4 -0 -14 -8 -21 -9 -12 -27 -36 -48 -15 -6 -11 -29
-33 -6 -7 -6 -2 -4 -2 -5 0 -2 4 -1 -8 -10 -3 -1 -5 -13 -11 -18 -31 -27 -29 -12 -26 -25 -33 -20 -17 -20 -9 -6 4 2 11 9 8 14 -1 15 13 19 10 5 -1 -5 -8 4 2 1 -8 -3 -5 -17 -22 -19 -9 -12 -3 -3 -7 -0 -6 -2 -9 -15 -13 -13 -19 -8 1 7 12 2 6 4 3 -1 8 16 14 16 6 6 -16 -22 -18 -4 -14 -46 -38 -41 -14 -29 -38 -32
-22 -11 -9 -13 -12 -3 -0 -4 5 -1 2 -0 -10 -11 -13 -9 -2 -9 -9 -19 -30 -32 -30 -22 -16 -18 -25 -36 -23 -17 -8 -1 -1 3 13 13 15 9 3 16 1 12 8 5 4 -4 -4 -4 -4 2 11 -5 -11 -12 -19 -15 -19 -16 -8 -17 4 0 -20 -1 1 4 3 5 -2 4 10 16 22 17 26 12 16 8 5 14 17 -1 8 7 -3 -16 -27 -25 -33 -30 -20 -23 -11 -42 -37 -37
-27 -43 -35 -13 -5 -7 2 4 6 -1 0 1 -10 -13 -12 -9 -3 -3 -9 -14 -24 -27 -28 -27 -1 -9 -34 -31 -25 -20 -8 -4 2 9 8 17 4 -8 -5 -4 -6 -2 2 8 6 11 15 8 2 -1 -6 -8 -8 -8 -8 -10 -13 -9 -14 -11 4 -8 -13 -1 8 9 -3 0 2 6 10 11 14 13 8 21 21 21 8 8 8 5 8 -6 -3 -7 -14 -19 -32 -34 -26 -35 -22 -25 -17 -22
-13 -20 -29 -31 -28 -26 8 12 -8 -14 -4 -6 -5 -8 -7 3 1 -3 -9 -13 -16 -22 -26 -26 -33 -24 -25 -20 -17 -15 -7 -1 -5 10 15 8 -9 2 -1 -4 7 -9 6 2 2 14 12 -1 3 4 4 -12 -4 2 10 1 -3 -5 -10 -11 -12 -13 -11 -1 16 14 6 11 14 9 9 10 9 8 14 17 18 20 21 13 17 17 6 -4 9 4 -1 -11 -16 -29 -27 -23 -48 -42 -23 -22
4 0 -3 -17 -22 -34 -35 -30 -15 -11 -11 -7 -13 -5 -7 4 -4 -3 -2 -5 -14 -24 -11 -23 -25 -25 -28 -25 -6 -10 -8 -4 -8 6 9 -3 -1 -9 -15 -6 2 -0 4 -5 12 8 -3 -3 -1 5 8 -7 -3 5 14 -6 -10 -8 -8 -8 -13 -13 -7 -6 -3 14 15 20 18 15 17 11 11 9 12 15 21 27 22 18 14 5 -2 0 -3 8 2 -0 -5 -13 -30 -25 -35 -34 -27 -18
-27 -32 -29 -27 -25 -22 -25 -26 -30 -20 -7 -14 -12 -11 2 6 5 0 -4 -16 -25 -33 -19 -31 -28 -17 -19 -27 -27 -14 -9 1 3 -1 3 6 -4 -22 -20 -1 0 -7 -2 -13 9 9 5 2 5 17 4 14 10 4 8 7 2 -16 -34 -11 -9 -12 -2 -1 -5 -2 5 12 5 6 5 5 11 17 19 18 19 26 20 15 6 0 -3 -10 -11 2 9 6 3 -6 -9 -20 -17 -12 -18 -17
-35 -27 -24 -30 -15 -11 -46 -25 -22 -31 -26 -21 -13 -20 -17 -12 -3 -7 -8 -15 -22 -25 -19 -25 -30 -30 -31 -28 -32 -33 -25 -20 -8 2 -7 -23 -4 -17 -23 -18 -4 -6 -7 -13 -8 -6 7 9 15 10 -7 15 14 11 12 7 -20 -39 -43 -23 -20 -15 -3 5 -4 -9 4 -4 -4 -7 -6 5 11 13 10 -6 -6 2 16 10 6 1 -7 -10 -13 -13 6 5 -1 10 6 -8 -13 -17 -17 -26
-38 -40 -38 -44 -32 -12 -44 -51 -9 -12 -12 -16 -21 -11 -13 -21 -16 -9 -11 -16 -21 -20 -19 -16 -22 -21 -21 -24 -24 -29 -21 -15 -7 -6 -20 -14 -3 -12 -16 -25 -12 -5 -9 -5 -10 -5 1 11 11 -10 -10 -5 10 2 2 -14 -20 -33 -43 -40 -31 -24 -6 3 -1 -30 -5 6 5 9 0 -6 -11 -3 3 0 4 1 -3 -4 -2 1 5 -3 -11 -11 4 7 5 11 5 4 -4 -5 -18 -10
-31 -38 -43 -34 -42 -7 -34 -48 -42 -43 -49 -22 -16 -14 -12 -17 -16 -27 -19 -12 -19 -21 -22 -19 -15 -20 -11 -7 -11 -17 -6 -18 -11 -8 -20 -6 -5 -7 -14 -20 -10 -2 -7 -4 -6 -4 -1 0 -6 -10 -12 -13 -9 12 -0 -14 -35 -39 -39 -43 -26 -18 -5 -5 -25 -33 -37 -22 -9 3 -14 -27 -23 -18 -1 -3 -10 -7 0 -4 -1 3 -5 -3 -1 -0 1 2 17 17 20 14 9 1 -2 0
-7 -19 -24 -30 -40 -24 -33 -35 -41 -28 -38 -28 -29 -34 -19 -16 -23 -23 -16 -16 -22 -20 -22 -23 -20 -20 -15 -4 -21 -12 -9 -43 -33 -5 -17 2 -29 -19 -5 -8 -8 0 -6 1 3 -3 -2 -7 -5 -10 -11 -8 -9 -1 -2 0 -17 -32 -35 -28 -17 6 -26 -35 -37 -36 -36 -28 -30 4 -15 -18 -27 -25 -19 -10 -18 -15 -2 -0 -1 -4 1 -1 0 9 5 11 13 15 27 16 16 11 4 4
-8 -10 -13 -16 -23 -18 -22 -29 -29 -24 -17 -20 -18 -19 -13 -38 -26 -27 -20 -20 -17 -17 -19 -20 -22 -14 -16 -14 -20 -17 -33 -34 -39 -36 -18 -6 -19 -13 -9 -2 -3 -7 -7 -5 9 2 -7 -3 -8 -8 -13 -9 -6 -4 -4 2 -9 -17 -23 -14 3 2 -13 -24 -36 -35 -31 -26 -31 -22 -13 -23 -33 -34 -27 -18 -12 -6 -8 -12 -1 -0 19 -2 -4 10 12 25 25 25 25 26 14 11 7 11
-5 -6 -8 -11 -20 -10 1 -11 -16 -13 -8 -25 -18 -11 -22 -38 -15 -26 -22 -20 -24 -23 -21 -21 -20 -12 -7 -10 -8 -14 -21 -22 -24 -29 -20 -6 -1 -4 -5 -7 -11 -13 -13 -13 -6 -16 -12 -8 -9 -12 -9 -12 -7 -2 -0 0 1 4 -10 5 14 -13 -11 -14 -23 -27 -23 -24 -36 -28 -14 -29 -37 -37 -34 -15 -6 -3 -4 -3 -1 3 11 3 17 22 34 33 21 20 30 27 12 2 15 4
-8 -7 -11 -8 -14 -14 7 -7 -7 -4 -12 -24 -17 -20 -29 -29 -19 -16 -17 -18 -14 -20 -24 -24 -19 -15 -2 -7 -4 -15 -16 -8 -8 -6 -7 -1 1 4 -1 -7 -11 -10 -10 -6 -7 -13 -13 -12 -9 -6 -7 -2 -3 -4 4 8 8 15 14 -1 9 -10 -14 -2 -12 -13 -13 -14 -19 -24 -30 -25 -29 -20 -4 -12 -17 -13 5 7 -4 3 0 6 21 15 30 13 -16 12 25 22 15 5 11 0
-3 -7 -10 -11 -3 -5 -2 -8 -10 -10 -13 -20 -17 -20 -22 -15 -16 -15 -12 -10 -8 -14 -22 -19 -13 -6 2 -7 -8 -3 2 0 -1 2 9 -2 -7 -2 0 1 3 1 1 -3 -7 -4 -3 -15 -10 -7 -3 3 0 -9 15 19 25 24 29 18 10 8 -6 5 7 -21 -1 -1 -4 -12 -32 -22 -20 -16 -16 -28 -35 -26 -20 7 6 2 12 10 22 2 2 2 -18 -2 10 18 12 7 2 6
0 4 -17 -18 -21 -18 -10 -3 -12 -7 -4 -6 -11 -8 -7 -7 -7 -11 -15 -13 -14 -11 -13 -19 -15 -12 -1 -5 8 15 18 12 16 18 22 15 -1 -2 14 12 12 11 5 -0 3 -5 -4 -8 -10 -7 -8 2 -8 -14 10 21 20 26 25 28 24 25 17 -4 6 -22 -8 -10 -2 -12 -24 -30 -26 -25 -27 -22 -22 -22 -31 -33 -9 -0 -8 -11 15 8 1 -12 -12 -14 -10 7 13 15 9 1
-2 -3 -3 -5 -14 -23 -16 -18 -13 -7 -7 -1 -6 -3 -7 -11 -11 -14 -13 -13 -17 -18 -15 -17 -14 -5 -13 -4 16 14 -4 -6 8 25 28 10 -6 -6 14 17 7 1 -3 -4 -5 -7 -16 -6 -4 -6 -12 -5 -10 -9 -4 19 24 23 32 32 29 31 26 9 2 -3 -4 -4 -3 -15 -23 -29 -31 -30 -27 -39 -20 -26 -26 -31 -33 1 10 0 -13 -16 -11 -1 -17 -21 -21 8 19 17 -3 -1
-4 -14 -14 -18 -17 -14 -19 -19 -22 -9 -8 -4 -12 -9 -11 -8 -4 -5 -11 -9 -13 -18 -21 -22 -14 -17 -5 -16 -15 -12 -8 -12 -16 -15 -9 2 4 -14 9 15 1 -1 -7 -6 -2 -8 -10 -10 -10 -15 -13 -16 -10 -3 -20 -24 -6 8 18 21 22 19 22 17 10 3 -6 -15 -11 -17 -15 -18 -22 -22 -17 -35 -47 -48 -46 -35 -28 -31 -5 17 8 3 -4 -16 -20 -30 -24 -15 -0 -1 -1 -10
-7 -8 -15 -20 -18 -13 -18 -22 -23 -15 -8 -17 -3 -11 -10 -12 -12 -6 -10 -13 -16 -16 -11 -13 -10 -12 -8 -10 -1 -35 -43 -21 -17 -33 -35 -39 -27 -30 -14 10 9 -1 -8 -8 -16 -11 -10 -12 -6 0 -0 -4 -7 -12 -13 -11 -9 0 2 5 27 19 23 14 13 7 7 -9 -13 -13 -13 -17 -9 -20 -19 -32 -41 -46 -47 -36 -24 -32 -38 -38 -33 -20 -31 -31 -16 -22 -28 -25 -20 -8 -12 -11
-9 -3 -9 -14 -9 -12 -21 -23 -18 -16 -12 -19 -1 1 -8 -14 -15 -9 -19 -18 -17 -17 -12 -9 -6 -5 -19 10 1 -25 -26 -24 -21 -21 -19 -27 -25 -34 -31 -18 12 -4 -15 -21 -13 -12 -23 -29 -24 -13 -9 -6 -15 -16 -4 -13 -18 -8 -18 -16 -2 6 4 20 11 10 1 -2 -7 -5 -10 -11 -14 -13 -16 -20 -28 -35 -36 -25 -28 -37 -38 -32 -36 -38 -31 -25 -17 -14 -17 -17 -13 -20 -19 -10
-10 -6 -9 -9 -9 -12 -21 -27 -33 -15 -7 -7 -12 2 -2 -11 -10 -18 -20 -20 -20 -19 -14 -14 -12 -10 -16 -12 -1 -10 -10 -11 -6 -7 -18 -20 -17 -33 -35 -32 -25 -20 -11 -6 -18 -23 -26 -29 -29 -19 -17 -6 -13 -6 -9 2 2 -9 -16 -19 -18 -14 -3 17 11 12 11 7 6 -2 -7 -6 -13 -16 -16 -18 -17 -23 -21 -18 -28 -25 -24 -25 -26 -24 -20 -11 -13 -13 -11 -10 -5 -11 -22 -14
-3 -4 4 -4 -18 -17 -21 -30 -25 -19 -29 -7 -6 -7 3 -2 -13 -14 -25 -25 -23 -19 -12 -6 -4 -0 2 -9 -15 0 -8 -6 5 4 2 -2 -33 -30 -18 -31 -34 -31 -35 -26 -26 -25 -23 -21 -25 -27 -26 -10 -1 -2 3 -8 -18 -16 -10 -7 -16 -17 -12 9 23 21 16 14 4 -11 -8 -4 -10 -9 -12 -10 -11 -9 -8 -17 -21 -24 -21 -19 -19 -12 -10 -13 -5 -7 -7 -8 -12 -19 -21 -10
-12 -13 -14 -5 -18 -22 -19 -30 -26 -28 -31 -25 -4 -5 -11 -6 -9 -22 -36 -29 -26 -24 -13 -3 -3 -2 6 -3 -9 1 -5 -6 -27 -2 2 -26 -28 -12 -34 -51 -42 -31 -36 -34 -20 -19 -29 -22 -22 -21 -14 -10 4 -0 11 3 -12 -2 -8 -3 -6 -10 -4 0 -1 26 15 15 3 -10 -6 -1 2 2 -1 -0 -1 -1 -5 -11 -15 -11 -3 -5 -16 -12 0 9 8 6 -14 -9 -9 -14 -5 -12
-18 -18 -22 -18 -10 -15 -12 -21 -24 -30 -30 -24 -6 -22 -41 -29 -32 -36 -34 -23 -17 -16 -7 -14 -8 5 5 -15 -11 -6 -1 -4 -23 -22 -26 -17 0 -25 -43 -41 -37 -35 -31 -24 -20 -22 -17 -19 -15 -11 -8 -3 -5 -4 -2 -10 -0 -1 -4 0 0 -2 -4 -2 -7 3 20 18 10 -3 -1 2 8 6 6 1 -3 -5 3 3 2 1 -0 -6 -10 1 3 14 12 11 4 5 -1 -8 -14 -16
-14 -19 -19 -18 -15 -14 -12 -20 -24 -32 -29 -21 0 -19 -40 -36 -34 -34 -23 -23 -18 -9 -5 0 5 7 -17 -18 -18 -19 -20 -29 -20 -12 -3 -18 -42 -35 -28 -40 -26 -33 -29 -21 -15 -14 -14 -13 -4 3 -1 -1 -5 1 -3 -2 -2 1 -0 -5 -7 -5 -7 -6 -10 1 20 15 0 -2 -4 3 5 13 4 3 2 5 8 14 9 3 2 1 -1 4 22 19 23 19 16 24 14 6 -1 -6
-5 -8 -15 -14 -15 -13 -24 -23 -24 -24 -26 -33 4 -21 -31 -29 -28 -31 -23 -19 -17 -12 -1 2 2 -2 -13 -22 -7 -6 -10 -6 -8 -24 -35 -33 -37 -27 -33 -30 -23 -21 -12 -8 -4 3 4 3 -2 5 1 2 -14 -16 -18 4 -9 -5 -12 -10 -5 -11 -6 -11 -3 -2 15 13 0 3 -1 -4 2 2 -3 1 -9 1 4 4 10 20 11 7 5 8 27 32 22 18 25 23 8 7 13 8
-32 -5 -11 -21 -10 -16 -26 -20 -13 -19 -27 -29 -23 -37 -28 -26 -26 -32 -14 -14 -9 -5 -8 -4 -12 -7 -14 -6 -16 1 12 -9 -32 -26 -31 -18 -25 -30 -14 -4 -7 -1 -4 2 -6 8 -5 16 15 19 24 -1 3 -3 -9 -10 -20 -22 -22 -21 -12 -6 -1 -7 -5 11 22 18 -3 7 6 -9 -8 -4 8 2 -5 -4 -1 -1 9 12 14 19 8 9 6 18 10 21 24 29 23 26 24 14
-45 -26 -16 -27 -26 -22 -16 -15 -8 -24 -25 -25 -36 -31 -28 -17 -23 -30 -14 -7 0 3 5 -3 -19 -24 -22 -8 -4 -18 7 -13 -32 -32 -31 -19 -22 -26 -21 2 6 -4 -1 -0 -6 1 -6 18 7 -4 -3 -16 -13 -20 -23 -23 -18 -19 -12 -16 -6 2 -12 -10 -13 -7 -6 -4 -10 10 11 -3 1 -6 -8 -6 0 -5 -10 -5 -1 -8 -11 -9 8 -8 -2 14 27 25 43 47 44 41 29 32
-38 -40 -23 -26 -20 -22 -11 -10 -9 -18 -18 -24 -22 -25 -25 -28 -16 -33 -25 -16 -11 -2 0 -16 -20 -22 -20 -21 -2 -2 -11 -27 -18 -20 -18 -21 -14 -5 -10 8 8 -6 0 4 9 4 -0 -2 -4 -2 -3 0 -10 -13 -19 -18 -20 -10 -6 -5 -9 -14 -6 -1 -5 -11 -14 -7 -1 -4 -4 3 -5 -9 -1 -4 -1 1 -2 -3 -4 -3 -10 -12 -7 -9 3 24 29 18 8 60 64 52 33 39
-33 -28 -30 -27 -21 -17 -1 -7 -8 -10 -7 -21 -19 -18 -24 -30 -28 -24 -26 -24 -10 -10 -13 -23 -19 -23 -22 -20 -11 -20 -21 -1 -9 -2 -3 -0 4 5 -5 12 -7 2 4 22 28 21 2 0 -10 -1 -12 -8 -16 -11 -9 -20 -18 -21 -23 -9 -5 -23 -24 -25 -16 -7 -4 6 -1 -2 -2 13 13 5 -0 -3 -1 10 11 6 -1 -10 -5 -5 -16 -4 8 12 -23 -28 -45 -25 18 37 38 34
-28 -25 -26 -19 -21 -14 -2 -21 -6 -2 -11 -8 -17 -20 -29 -28 -23 -21 -23 -20 -21 -15 -8 -6 -17 -18 -19 -11 2 8 -9 3 17 14 7 11 14 8 14 23 -25 -3 -14 -12 -0 9 14 1 -10 -7 -3 -16 -6 -6 2 -12 -11 -20 -17 -15 -10 -15 -19 -33 -20 -15 -22 -16 -12 -2 -6 -5 5 2 16 7 -1 1 6 13 0 -9 -1 -13 -11 -3 -2 -14 -25 -27 -36 -40 -36 -11 11 23
-27 -32 -27 -19 -17 -22 -18 -19 -14 1 -18 -19 -15 -23 -26 -21 -23 -21 -17 -16 -17 -12 -8 -8 -14 -18 -16 -8 -7 -3 -0 16 34 36 29 24 23 24 27 8 -31 -21 -3 6 19 -15 12 13 1 -5 2 -13 -9 -5 2 -6 -21 -5 -6 -1 -0 -12 -16 -38 -31 -16 -19 -24 -9 -13 -12 -4 -4 -2 12 9 -4 -7 -14 18 7 8 -0 -0 -4 -4 -12 -7 -7 -10 -14 -23 -27 -15 12 29
-26 -18 -23 -19 -17 -25 -27 -3 -11 -17 -22 -28 -13 -19 -22 -22 -23 -21 -18 -22 -26 -18 -27 -25 -16 -18 -18 -19 -11 -14 -4 1 -26 -42 10 12 5 13 -1 -34 -12 -2 -6 -6 22 8 6 -4 -1 5 -1 -19 -6 0 3 -9 -11 -12 -9 -9 -17 -32 -36 -41 -36 -34 -28 -22 -12 -13 -14 -5 -3 0 -7 -11 -15 -17 -16 -8 15 11 10 11 4 -10 -25 -19 -14 -0 -6 -14 -20 -11 3 23
-12 -13 -5 -17 -15 -31 -32 -16 -5 -6 -21 -19 -17 -20 -20 -21 -20 -22 -25 -26 -16 -23 -31 -14 -19 -11 -34 -28 -10 -3 0 -17 -68 -68 -63 -26 -9 -15 -45 -25 -3 2 -16 7 25 6 -4 4 -1 2 -5 -11 -5 1 6 -4 -12 -4 -27 -28 -32 -41 -39 -38 -41 -38 -32 -30 -22 -14 -9 -4 -11 -9 -16 -18 -13 -14 -19 -18 -5 -17 -21 -13 -14 -15 -21 -26 -35 -5 5 -5 -9 -13 3 7
-8 -3 4 -16 -23 -20 -20 -24 -29 -21 -28 -15 -12 -13 -19 -18 -16 -21 -20 -27 -21 -22 -31 -30 -28 -14 -23 -19 -37 -31 -32 -45 -39 -34 -44 -57 -53 -42 -25 -14 -21 -26 -6 0 9 1 7 2 1 -8 -8 -12 -8 3 0 1 3 -7 -19 -31 -24 -32 -29 -26 -34 -23 -30 -25 -21 -20 -16 -18 -15 -16 -16 -19 -13 -10 -19 -20 -19 -11 -15 -10 -12 -13 -11 -21 -34 -35 6 15 1 -10 -7 6
7 7 17 -3 -11 -10 -13 -13 -22 -21 -24 -13 -13 -16 -19 -15 -16 -22 -26 -28 -26 -14 -15 -33 -24 -12 -15 -14 -8 -13 -22 -26 -18 -29 -22 -29 -19 -8 -12 0 1 -10 -16 -3 2 4 6 5 6 6 3 -10 -13 2 5 6 11 14 11 5 -2 -3 -6 -10 -11 2 -13 -22 -22 -18 -18 -25 -22 -18 -19 -20 -16 -12 -12 -16 -13 1 -14 -7 -9 -9 -7 -9 -28 -45 -46 16 18 4 -12 -9
11 -3 -4 -10 -0 -3 -9 -6 -10 -19 -15 -17 -14 -17 -14 -18 -16 -18 -26 -31 -35 -27 -17 -15 -26 -38 -36 -43 -16 -20 -6 -2 -3 -14 -4 -2 9 2 3 14 9 3 -6 -0 5 6 12 8 13 4 6 -3 -5 15 8 7 18 16 15 17 13 22 15 13 10 3 4 -1 -11 -14 -17 -21 -33 -29 -29 -23 -19 -23 -18 -8 -5 -5 -5 -5 0 4 -3 -5 -10 -28 -41 -18 28 17 3 -11
13 -1 -6 -12 -4 0 7 2 -8 -19 -28 -29 -24 -18 -14 -11 -14 -21 -26 -32 -26 -24 -18 -20 -21 -50 -44 -42 -22 2 10 22 12 -10 18 18 17 -11 0 19 15 6 -2 3 11 5 6 4 17 8 1 -6 2 17 15 7 8 12 11 14 -3 9 26 25 9 10 26 25 11 0 -15 -19 -22 -20 -16 -27 -15 -18 -16 -9 -3 -6 -1 0 11 9 5 1 -4 -17 -25 -31 -25 -2 8 -12
