reca/docs/data/PA5_1997_2017_CPRISTINE_S30kmFill_V.asc
ncols 813
nrows 670
xllcorner 112.925
yllcorner -43.575
cellsize 0.05
NODATA_value -9999.0
[rows 106 to 158 of 670, columns 192 to 287 of 813]
-9999 -9999 -9999 -9999 -9999 -9999 -9999 -9999 -9999 -9999 -9999 -9999 -9999 -9999 -9999 -9999 -9999 -9999 -9999 -9999 -9999 -9999 -9999 -9999 -9999 -9999 -9999 -9999 -9999 -9999 -9999 -9999 -9999 -9999 -9999 -9999 -9999 -9999 -9999 -9999 -9999 -9999 -9999 43 16 17 1 -8 -9999 -9999 -9999 31 30 -0 -15 21 54 20 1 -2 -15 -0 -2 -1 -9 -4 -9 -11 30 29 22 28 22 19 22 24 20 6 15 4 5 10 28 9 10 24 11 -7 11 4 8 -6 -10 -11 -19 -25
-9999 -9999 -9999 -9999 -9999 -9999 -9999 -9999 -9999 -9999 -9999 -9999 -9999 -9999 -9999 -9999 -9999 -9999 -9999 -9999 -9999 -9999 -9999 -9999 -9999 -9999 -9999 -9999 -9999 -9999 -9999 -9999 -9999 -9999 -9999 -9999 -9999 -9999 -9999 -9999 -9999 -9999 -9999 59 -13 21 -2 -39 -39 -9999 -9999 18 0 29 -19 -7 12 15 9 4 -9 -1 14 6 -19 3 -9 25 30 17 34 31 21 14 -2 27 25 14 13 6 8 29 24 12 4 21 5 10 19 2 0 -0 -2 -14 -18 5
-9999 -9999 -9999 -9999 -9999 -9999 -9999 -9999 -9999 -9999 -9999 -9999 -9999 -9999 -9999 -9999 -9999 -9999 -9999 -9999 -9999 -9999 -9999 -9999 -9999 -9999 -9999 -9999 -9999 -9999 -9999 -9999 -9999 -9999 -9999 -9999 -9999 -9999 117 40 -9999 -9999 -9999 37 -23 -16 5 -0 1 -9999 -25 -9999 -9999 35 21 -1 18 7 10 5 1 -4 -0 -1 -12 -14 -19 -12 10 3 36 30 23 14 -3 23 18 20 12 20 4 27 18 10 -6 6 -3 -25 -26 -3 1 1 -3 -14 -28 -13
-9999 -9999 -9999 -9999 -9999 -9999 -9999 -9999 -9999 -9999 -9999 -9999 -9999 -9999 -9999 -9999 -9999 -9999 -9999 -9999 -9999 -9999 -9999 -9999 -9999 -9999 -9999 -9999 -9999 -9999 -9999 -9999 -9999 -9999 -9999 -9999 -9999 -9999 158 62 32 24 29 -18 -21 -6 -17 -19 -23 -12 -22 -21 -9999 4 -3 -5 19 -16 -22 -4 12 -5 -2 2 8 -6 -4 14 9 10 35 24 14 25 19 24 21 17 9 17 11 19 17 7 -5 0 -12 -23 -30 -24 -22 -14 -9 -6 -18 -20
-9999 -9999 -9999 -9999 -9999 -9999 -9999 -9999 -9999 -9999 -9999 -9999 -9999 -9999 -9999 -9999 -9999 -9999 -9999 -9999 -9999 -9999 -9999 -9999 -9999 -9999 -9999 -9999 -9999 -9999 -9999 -9999 -9999 -9999 -9999 -9999 -9999 -9999 155 79 69 35 15 -18 -21 -0 -25 -18 -17 -19 6 -16 -21 8 7 -13 15 3 -27 -47 -8 6 0 7 18 15 -8 37 20 31 38 19 13 29 24 11 25 22 13 25 19 15 7 -3 -8 -9 -19 -16 -28 -22 -24 -20 1 10 -4 -12
-9999 -9999 -9999 -9999 -9999 -9999 -9999 -9999 -9999 -9999 -9999 -9999 -9999 -9999 -9999 -9999 -9999 -9999 -9999 -9999 -9999 -9999 -9999 -9999 -9999 -9999 -9999 -9999 -9999 -9999 -9999 -9999 -9999 -9999 -9999 -9999 -9999 -9999 117 76 75 41 -1 -19 -21 -8 -27 -3 -9 -16 1 2 -9 -3 23 -5 -25 -8 -24 -38 -11 8 7 -3 28 7 13 -4 17 30 31 35 38 23 13 10 22 19 10 15 13 6 -4 3 -12 -8 -21 -27 -19 -18 4 -1 -8 1 -9 -10
-9999 -9999 -9999 -9999 -9999 -9999 -9999 -9999 -9999 -9999 -9999 -9999 -9999 -9999 -9999 -9999 -9999 -9999 -9999 -9999 -9999 -9999 -9999 -9999 -9999 -9999 -9999 -9999 -9999 -9999 -9999 -9999 -9999 -9999 -9999 -9999 -9999 -9999 145 79 45 44 3 -19 -23 4 25 -18 -4 -15 0 -2 -7 2 19 -7 -12 -8 -22 -39 0 -3 8 -0 29 39 24 19 5 -13 1 42 36 24 22 19 16 15 9 15 8 3 -8 -0 -14 -13 -23 -25 -20 -20 8 6 11 12 10 20
-9999 -9999 -9999 -9999 -9999 -9999 -9999 -9999 -9999 -9999 -9999 -9999 -9999 -9999 -9999 -9999 -9999 -9999 -9999 -9999 -9999 -9999 -9999 -9999 -9999 -9999 -9999 -9999 -9999 -9999 -9999 -9999 -9999 -9999 -9999 -9999 -9999 127 135 91 39 9 14 1 -6 13 26 12 23 -2 -5 3 3 -0 4 1 -12 -9 -17 -23 -32 -21 -6 30 55 42 21 14 -1 12 42 37 28 27 26 23 19 18 -0 15 7 5 -6 -9 -4 -7 -21 -29 -19 -11 0 -3 18 19 17 18
-9999 -9999 -9999 -9999 -9999 -9999 -9999 -9999 -9999 -9999 -9999 -9999 -9999 -9999 -9999 -9999 -9999 -9999 -9999 -9999 -9999 -9999 -9999 -9999 -9999 -9999 -9999 -9999 -9999 -9999 -9999 -9999 -9999 -9999 -9999 -9999 -9999 -9999 130 110 23 0 -9999 -9999 -10 -28 29 28 19 8 -6 -7 -7 11 10 -2 -19 -19 -24 -9 -24 -22 -24 -18 42 41 30 19 40 46 29 26 35 17 15 20 6 14 -9 16 10 7 3 -3 -17 -21 -17 -19 -23 -13 -9 6 14 12 18 13
-9999 -9999 -9999 -9999 -9999 -9999 -9999 -9999 -9999 -9999 -9999 -9999 -9999 -9999 -9999 -9999 -9999 -9999 -9999 -9999 -9999 -9999 -9999 -9999 -9999 -9999 -9999 -9999 -9999 -9999 -9999 -9999 -9999 -9999 -9999 -9999 -9999 -9999 -9999 121 25 -9999 -9999 56 40 28 50 42 27 9 -4 8 6 9 -2 4 -14 -12 -4 -5 -11 -6 -25 12 19 9 28 19 3 4 1 28 36 36 19 12 14 14 0 22 17 13 2 -8 -6 1 -8 -6 2 4 4 6 2 25 13 8
-9999 -9999 -9999 -9999 -9999 -9999 -9999 -9999 -9999 -9999 -9999 -9999 -9999 -9999 -9999 -9999 -9999 -9999 -9999 -9999 -9999 -9999 -9999 -9999 -9999 -9999 -9999 -9999 -9999 -9999 -9999 -9999 -9999 -9999 -9999 -9999 -9999 -9999 -9999 131 -9999 -9999 -9999 13 -23 2 13 23 12 18 1 5 -1 8 -3 -7 1 2 2 0 -4 -2 -3 -16 -11 20 46 28 17 4 -13 -7 33 30 16 4 5 16 -6 32 18 8 4 3 -9 -3 -4 -8 -9 17 7 7 5 12 -1 -7
-9999 -9999 -9999 -9999 -9999 -9999 -9999 -9999 -9999 -9999 -9999 -9999 -9999 -9999 -9999 -9999 -9999 -9999 -9999 -9999 -9999 -9999 -9999 -9999 -9999 -9999 -9999 -9999 -9999 -9999 -9999 -9999 -9999 38 -9999 -9999 -9999 -9999 -9999 86 51 -9999 45 48 3 8 -4 26 9 5 -14 -18 -12 -21 2 -15 12 15 13 11 1 9 3 -1 -15 -13 44 21 18 2 -9 2 39 15 8 14 24 9 -1 37 19 3 -4 9 7 -9 6 13 -10 -11 13 5 4 -1 7 0
-9999 -9999 -9999 -9999 -9999 -9999 -9999 -9999 -9999 -9999 -9999 -9999 -9999 -9999 -9999 -9999 -9999 -9999 -9999 -9999 -9999 -9999 -9999 -9999 -9999 -9999 -9999 -9999 -9999 -9999 -9999 -9999 -9999 -9999 -9999 -9999 -9999 -9999 -9999 -9999 -9999 73 17 12 -18 19 25 25 8 -14 -17 -15 -18 -26 -29 9 2 25 24 16 12 9 5 5 -6 21 24 8 12 -4 -27 2 35 18 29 22 23 21 28 30 26 15 1 2 2 -17 9 7 0 10 14 -2 -16 -11 -17 -1
-9999 -9999 -9999 -9999 -9999 -9999 -9999 -9999 -9999 -9999 -9999 -9999 -9999 -9999 -9999 -9999 -9999 -9999 -9999 -9999 -9999 -9999 -9999 -9999 -9999 -9999 -9999 -9999 -9999 -9999 -9999 -9999 -9999 -9999 -9999 -9999 -9999 -9999 -9999 -9999 -9999 49 25 24 3 32 18 6 -4 -9 2 -7 -17 -19 1 21 16 10 13 15 12 10 1 18 7 6 31 23 11 3 0 14 0 29 36 25 9 14 9 13 25 7 11 13 9 10 18 14 3 10 -10 -2 0 -18 -24 -10
-9999 -9999 -9999 -9999 -9999 -9999 -9999 -9999 -9999 -9999 -9999 -9999 -9999 -9999 -9999 -9999 -9999 -9999 -9999 -9999 -9999 -9999 -9999 -9999 -9999 -9999 -9999 -9999 -9999 -9999 -9999 -9999 -9999 -9999 -9999 -9999 -9999 -9999 68 -9999 -9999 26 -44 -4 12 34 16 7 -3 9 6 -5 -13 -19 13 29 23 25 21 13 5 8 11 13 17 2 5 32 16 11 -12 7 10 -2 16 16 26 18 4 15 19 6 -7 -2 -9 19 12 20 11 6 7 6 -5 -18 -23 -24
-9999 -9999 -9999 -9999 -9999 -9999 -9999 -9999 -9999 -9999 -9999 -9999 -9999 -9999 -9999 -9999 -9999 -9999 -9999 -9999 -9999 -9999 -9999 -9999 -9999 -9999 -9999 -9999 -9999 -9999 -9999 -9999 -9999 -9999 -9999 -9999 -9999 -9999 115 -9999 12 81 21 28 9 40 24 9 5 17 8 1 -10 -28 16 17 28 28 11 15 5 9 -0 6 17 -13 3 17 4 0 -2 12 11 9 11 14 17 22 25 29 16 -2 -3 -12 -15 5 24 18 0 25 14 -3 -9 -24 -44 43
-9999 -9999 -9999 -9999 -9999 -9999 -9999 -9999 -9999 -9999 -9999 -9999 -9999 -9999 -9999 -9999 -9999 -9999 -9999 -9999 -9999 -9999 83 38 28 -9999 -9999 -9999 -9999 -9999 -9999 -9999 -9999 -9999 -9999 -9999 -9999 152 90 63 -9999 2 -10 8 19 11 31 21 20 18 2 3 -12 -31 15 31 13 21 12 5 12 11 1 6 -7 -11 12 9 -15 5 47 12 -7 13 -4 32 34 29 16 33 20 11 -4 -4 -14 17 25 10 5 19 10 -6 -22 -21 -13 43
-9999 -9999 -9999 -9999 -9999 -9999 -9999 -9999 -9999 -9999 -9999 -9999 -9999 -9999 -9999 -9999 -9999 -9999 -9999 -9999 -9999 -9999 132 16 -31 -9999 -9999 23 -9999 -9999 -9999 -9999 -9999 -9999 -9999 -9999 -9999 -9999 116 30 23 60 44 -2 4 13 23 14 7 3 3 -4 -26 -18 -2 22 12 11 12 7 -5 -0 -13 9 -16 -18 32 5 14 17 33 18 1 2 -3 -19 36 29 20 22 19 24 -1 -1 -20 22 25 26 16 12 -5 -23 -22 -24 -31 15
-9999 -9999 -9999 -9999 -9999 -9999 -9999 -9999 -9999 -9999 -9999 -9999 -9999 -9999 -9999 -9999 -9999 -9999 -9999 -9999 -9999 122 138 78 -9999 -9999 -9999 -9999 -9999 2 -76 -9999 -9999 -9999 -9999 -9999 -9999 -9999 77 37 50 -1 -39 35 38 14 5 0 -9 -15 -9 -4 -4 23 14 -6 1 19 14 6 1 -8 -20 -11 -16 -15 -12 -21 -6 10 18 -2 8 -3 3 -11 23 26 14 15 14 11 17 -22 -20 36 31 17 5 10 -5 -15 -18 -3 -25 -4
-9999 -9999 -9999 -9999 -9999 -9999 -9999 -9999 -9999 -9999 -9999 -9999 -9999 -9999 -9999 -9999 -9999 -9999 -9999 -9999 -9999 -9999 -9999 91 26 -12 -9999 -9999 -9999 10 -37 -64 -32 -9999 -9999 -9999 -9999 -9999 22 -9999 -9999 -9999 -9999 -9999 6 36 17 5 -21 -2 0 -11 -5 -3 -15 -6 16 16 12 9 -3 -11 -6 -11 -4 29 46 32 31 13 5 -7 -1 -6 31 0 9 -12 9 7 11 -4 10 -3 21 32 28 23 5 8 -24 3 -12 -19 -27 -21
-9999 -9999 -9999 -9999 -9999 -9999 -9999 -9999 -9999 -9999 -9999 -9999 -9999 -9999 -9999 -9999 -9999 -9999 -9999 -9999 -9999 -9999 -9999 91 38 38 -9999 -16 6 -5 -4 -20 -71 -62 -9999 -9999 35 37 -9999 -9999 -9999 -9999 -9999 -9999 -9999 -9999 15 -26 -7 3 -19 3 -26 -13 -20 -9 22 12 19 12 -9 -13 6 -0 -4 13 49 25 9 19 7 1 -4 -18 33 27 8 -2 8 10 11 -4 -4 18 36 18 15 12 4 -2 -27 -2 -14 -9 -31 -8
-9999 -9999 -9999 -9999 -9999 -9999 -9999 24 -47 -83 -9999 -9999 -9999 -9999 -9999 -9999 -9999 -9999 -9999 -9999 -9999 -9999 -9999 117 68 13 -3 1 -24 6 5 -14 -27 -28 -1 -4 -9999 -9999 19 30 21 20 5 -19 -14 8 -2 -4 5 0 -8 7 -6 -18 -21 3 9 15 23 5 -10 -10 13 3 -12 -6 38 13 4 14 2 -3 -8 -7 8 19 22 16 27 16 2 -2 -18 29 25 14 12 13 6 -7 -23 -25 -8 -26 -42 8
-9999 -9999 -9999 -9999 -9999 -9999 -9999 80 -59 -9999 -9999 -9999 -9999 -9999 -9999 -9999 -9999 -9999 -9999 -9999 -9999 -9999 123 43 78 38 13 11 -17 -15 -23 -2 -12 -19 -12 -16 -35 14 5 -18 3 -1 5 14 9 6 7 8 -2 10 0 14 -3 -32 22 2 17 22 4 7 7 -13 21 2 -15 8 18 -4 6 -2 -6 5 4 22 23 18 14 6 15 13 4 -18 -1 34 23 15 17 11 1 -14 -19 -20 -16 -28 -15 13
-9999 -9999 -9999 -9999 -9999 -9999 57 20 -83 -9999 -9999 -9999 -9999 -9999 -9999 -9999 -9999 -9999 -9999 123 -9999 -9999 103 89 50 24 18 15 3 -22 -28 24 -3 -19 4 -9 2 4 -24 11 16 2 10 1 3 10 1 -8 -12 -7 -2 -0 7 11 27 28 11 -2 -4 -6 19 27 17 16 20 21 10 -9 0 -6 14 19 12 10 14 8 16 29 22 8 -9 -13 13 1 13 10 9 -5 -5 4 -3 -1 -9 0 15 -0
-9999 -9999 -9999 -9999 -9999 104 68 -10 -9999 -9999 -9999 -9999 -9999 -9999 -9999 -9999 -9999 -9999 -9999 -9999 -9999 133 98 76 79 65 56 29 2 4 -6 -17 2 7 11 -11 -4 5 -3 12 11 9 14 3 13 -11 3 0 8 -12 -20 -20 33 18 16 3 4 -6 7 37 33 29 22 23 21 10 6 -11 3 15 21 18 7 -0 6 -0 22 1 15 5 -3 7 -17 17 -6 13 -1 -8 20 10 5 5 -9 -4 7 8
-9999 -9999 -9999 -9999 -9999 135 77 -42 -52 -103 -9999 -9999 -9999 -9999 -9999 -9999 -9999 -9999 -9999 -9999 141 129 128 80 42 62 38 15 4 11 9 -7 -7 -8 10 22 16 5 12 -7 -25 13 28 28 19 -2 7 -6 -7 3 -13 27 7 19 6 8 12 -7 -2 21 45 26 22 16 18 5 -1 0 23 19 7 7 16 24 12 11 7 -5 5 -2 -2 -10 -19 -5 4 3 24 13 18 8 2 2 -6 8 12 6
-9999 -9999 -9999 -9999 115 113 75 7 -49 -114 -9999 -9999 -9999 -9999 -9999 -9999 -9999 -9999 -9999 -9999 -9999 -9999 118 76 78 72 28 1 -13 21 7 10 -3 -5 -11 19 12 8 17 11 7 -12 -0 39 12 3 3 -4 -2 -18 -22 17 2 -2 -3 2 -1 -6 4 13 26 18 24 31 15 9 8 10 31 22 5 12 12 20 12 7 4 -5 -7 -13 1 -17 -14 -17 -3 22 27 10 12 11 5 15 -5 -7 6 5
-9999 -9999 -9999 -9999 -9999 -9999 44 -12 -29 -89 -130 -168 -9999 -9999 -9999 -9999 -9999 -9999 -9999 -9999 -9999 -9999 -9999 -9999 131 56 32 -0 -11 9 21 10 20 17 -5 29 25 24 21 25 21 8 -6 5 21 2 -5 -6 -0 -1 -17 5 -9 -16 -23 -16 7 16 7 17 9 10 3 14 20 15 21 8 33 15 16 7 28 17 12 4 1 -6 -15 -15 -5 -0 -9 -9 -1 25 15 10 2 -4 12 16 15 9 0 6
-9999 -9999 -9999 74 57 -9999 23 -19 -25 -69 -115 -9999 -9999 -9999 -9999 -9999 -9999 -9999 -9999 -9999 -9999 -9999 -9999 -9999 129 106 70 -9 14 61 31 4 5 17 -0 -9 7 27 4 -9 28 16 11 22 20 3 -19 -4 3 -11 -9 -5 -14 -9 -23 -10 6 -12 4 -6 -2 -3 -8 -7 8 19 16 13 19 15 21 13 13 16 15 11 2 -3 -4 2 -7 -8 -6 -6 5 -5 -0 -8 -24 -34 28 35 21 26 11 4
129 114 114 82 58 61 36 7 -41 -76 -103 -174 -9999 -9999 -9999 -9999 -9999 -9999 -9999 -9999 -9999 -9999 -9999 -9999 -9999 76 67 31 -9999 39 20 17 3 -3 8 20 25 16 -2 -20 7 31 4 17 27 1 -12 -8 14 0 -4 -19 13 -6 -10 -5 1 -10 5 -15 -18 -13 -7 -13 33 28 19 14 9 25 20 18 21 14 5 -4 -3 -10 -3 -6 -8 -12 -5 -1 2 0 3 -12 -11 -33 -0 35 9 25 17 13
-9999 144 68 37 42 40 35 8 -13 -54 -113 -147 -9999 -9999 -9999 -9999 -9999 -9999 -9999 -9999 -9999 -9999 -9999 -9999 -9999 119 -9999 -8 55 66 30 26 9 -5 -9 -2 11 6 24 23 25 25 30 34 26 16 9 -4 -8 18 4 -7 -2 -9 -4 -17 -20 -12 -4 -18 -9 -22 6 -10 4 33 28 13 2 24 15 18 17 7 6 -3 -3 -6 -3 -7 -8 -7 -8 -11 -1 7 -3 -15 -2 -25 -23 31 15 29 17 5
-9999 52 18 24 23 40 32 10 -14 -51 -48 -108 -126 -9999 -9999 -9999 -9999 -9999 -9999 -9999 -9999 -9999 -9999 -9999 -9999 -9999 61 11 38 83 39 26 18 -0 -11 -6 22 10 23 8 11 -6 5 11 17 13 11 6 -4 25 22 17 16 -8 -5 -5 -18 -14 8 5 -7 -26 9 -6 -15 -2 15 16 26 18 12 13 9 -7 4 -3 -7 -12 -1 -5 -16 -11 2 -9 -6 -2 -4 -3 -4 -17 -35 35 19 10 7 -6
59 49 26 24 32 16 19 7 0 -20 -60 -112 -130 -181 -9999 -9999 -9999 -9999 -9999 -9999 -9999 -9999 -9999 -9999 -9999 -9999 69 -24 -1 59 29 31 22 10 -9 8 -13 3 0 6 13 -5 20 27 27 15 3 10 9 -2 13 16 18 1 1 1 -16 -24 18 5 -11 -33 -6 -5 -6 -1 8 13 13 22 14 11 7 -0 -6 -13 -3 20 1 -10 -7 -1 -7 3 -1 5 -3 6 -2 -10 -31 24 19 14 -11 -20
28 7 7 32 12 3 10 6 -16 -23 -55 -53 -111 -172 -9999 -9999 -9999 -9999 -9999 -9999 -9999 164 76 -9999 -9999 -9999 -9999 11 -5 4 45 37 26 4 1 -1 -8 -9 -7 10 4 17 8 22 33 14 6 9 14 32 8 7 22 18 10 1 -2 -17 12 -3 -15 -17 -2 -2 19 19 17 12 -5 17 15 6 9 7 12 19 17 3 -0 -9 -11 0 -6 -11 -5 5 -3 6 13 7 -4 -1 5 1 -16 -4
12 5 21 14 -1 1 12 5 1 -21 -28 -61 -92 -144 -191 -9999 -9999 -9999 -9999 -9999 -9999 142 49 -9999 -9999 -9999 108 19 -16 -5 31 15 26 13 -6 -4 -14 -28 -32 24 9 35 18 -3 10 27 1 -5 15 28 21 19 22 25 17 0 3 -10 -14 -14 -6 -4 -1 -12 -14 11 23 15 -2 -6 8 13 -3 -10 -7 10 9 -3 -0 -2 -13 -13 -20 4 0 -10 3 2 7 5 5 -3 1 -14 -6 42
17 36 11 7 -6 -4 3 7 -2 -26 -32 -29 -59 -121 -165 -9999 -9999 -9999 -9999 -9999 -9999 -9999 110 -9999 52 -9999 27 28 -28 -1 21 5 -4 18 18 16 -6 -32 -16 19 -3 26 21 4 -18 31 28 13 15 25 25 15 -3 21 19 -1 5 1 -8 -6 -4 13 20 14 18 33 25 14 8 4 -9 1 8 -8 -1 -10 1 9 3 6 0 -13 -20 -2 13 -5 4 -2 0 7 10 -1 3 -5 9 22
16 17 4 -6 1 8 -2 -2 -7 -17 -35 -24 -53 -58 -129 -167 -9999 -9999 -9999 -9999 -9999 -9999 120 73 68 40 -9999 -14 11 -14 7 12 5 -4 -1 6 1 -18 19 4 6 19 32 14 -16 -34 -27 20 27 47 32 11 9 8 17 7 14 -2 2 18 -4 3 4 12 -1 30 26 8 8 20 7 -6 11 -4 -22 -7 5 7 -17 -4 4 -11 -19 -17 4 -1 -4 0 0 -11 5 5 -1 -2 20 17
20 16 -2 -5 -5 -1 -7 -11 -12 -7 2 -39 -31 -45 -107 -135 -153 -9999 -9999 -9999 -9999 -9999 112 57 60 4 1 17 36 5 3 10 7 -4 -15 -11 -1 8 4 1 -11 -8 25 21 -8 -20 -36 -9 -31 24 25 20 6 13 37 14 8 8 -4 -2 19 5 20 20 -7 -13 14 -3 -9 -21 15 3 -16 2 -19 16 15 2 -6 -19 15 -5 -3 10 -8 13 12 5 6 17 12 10 6 11 12 9
-6 17 -0 -4 -18 -6 10 15 15 16 7 -29 -30 -59 -66 -69 -81 -9999 -9999 -9999 -9999 -9999 58 19 30 28 1 10 55 28 17 10 3 5 -4 -9 -2 -10 8 3 -7 -17 8 -10 -0 13 -0 9 -24 28 18 31 13 -3 4 32 20 1 -3 -3 -11 7 -0 1 -5 25 26 4 -1 -34 16 10 -7 4 -16 -16 -13 5 9 -6 15 -5 -18 -16 -5 1 3 8 -11 13 14 5 19 20 10 7
-10 11 6 -3 -16 -20 38 32 26 17 14 -4 -27 -29 -54 -5 13 -42 -9999 -9999 -9999 75 32 32 30 34 -9 -3 14 37 35 22 11 4 -0 -4 -0 -6 -14 -2 4 4 -3 -7 -10 -2 1 7 -30 -16 19 29 12 -0 3 1 33 26 15 2 -16 -13 5 -7 -20 -27 18 7 -7 -34 3 11 -8 2 -7 -34 -30 4 -9 -5 14 0 -6 -11 -2 -2 -12 2 -14 23 15 8 6 12 11 3
20 6 6 -1 -12 -14 -12 16 35 21 13 4 -6 -16 -54 -18 18 -61 -9999 -9999 -9999 78 -7 11 48 36 -5 -24 -11 1 34 38 26 16 8 3 -0 1 -8 -20 -12 -3 8 1 -4 4 -16 -13 13 21 42 11 18 17 7 -0 3 34 21 12 -1 -13 2 -5 -4 -14 -13 6 -15 -23 4 -4 -2 -4 -10 -17 -11 8 4 3 8 -4 -9 -15 -16 -7 -5 2 -10 16 11 2 17 8 -2 -4
15 6 9 -2 -7 -17 2 -17 -20 32 19 10 2 -33 -52 -29 -52 -65 -102 -9999 -9999 53 -35 -19 28 43 4 -11 -25 -25 16 43 22 21 23 13 2 -8 -13 -9 0 -1 9 7 -6 -4 9 -12 -17 -10 24 37 21 9 14 -10 -9 8 12 11 9 -2 -8 -3 3 2 -13 -16 -4 13 3 -6 -3 -12 -5 -4 5 20 -8 8 8 -1 -0 -3 4 -11 -13 12 10 12 1 16 9 3 10 8
4 6 5 1 -4 -14 1 -9 -31 -2 29 18 5 -12 -31 -28 -41 -59 -79 -8 -9999 14 -41 16 44 22 19 4 -11 -32 -17 37 35 9 18 14 14 7 -8 7 -12 -10 5 -0 10 -9 -5 1 -12 -31 14 21 33 21 4 6 -4 -10 17 7 -4 10 -9 -2 -2 6 0 -10 -22 -21 4 -14 -12 -17 12 -8 -12 19 13 2 6 -0 1 4 -2 -6 4 10 8 9 18 15 6 5 1 20
2 -0 -5 15 1 11 -1 3 -18 4 -6 12 1 0 4 -23 -43 -64 14 -3 -9999 -8 -23 49 54 37 24 8 -10 -23 -38 -16 32 31 30 22 11 10 1 -1 2 -20 -11 -6 8 9 -8 13 14 -24 -34 5 10 40 32 15 11 -3 -8 -5 -5 8 2 -3 -8 -4 3 -4 -5 -7 -12 -15 -15 -20 2 19 25 17 17 15 6 0 -4 -1 -1 6 8 8 5 1 5 10 9 1 3 20
-1 -5 2 17 15 5 -9 -14 -10 -28 6 -0 4 34 20 -24 -41 -26 34 -13 3 3 -32 34 37 34 29 18 -7 -7 -28 -43 -3 17 37 23 12 7 6 -3 -6 -4 -17 -9 -9 18 -5 -19 13 -1 -26 -36 14 51 34 19 18 16 9 6 -0 -9 -15 -10 -12 -2 -14 -5 5 -4 -5 -3 -5 5 2 26 12 9 -2 -11 2 -4 -1 6 -2 3 8 2 -4 6 7 3 3 -9 1 4
0 8 14 21 19 24 16 2 -13 -7 -19 -9 4 8 2 -19 -17 14 24 -11 -16 -2 -19 7 -1 -8 9 23 6 -7 -15 -32 -40 -31 25 31 25 22 6 6 -21 3 -3 -17 -17 21 8 1 18 7 -0 -24 -29 -1 39 36 20 4 12 11 -0 -7 -11 -12 -12 -12 -9 -26 -6 3 7 7 4 -12 -26 24 17 4 5 -5 -3 2 6 -1 0 -2 -1 8 2 9 3 8 -3 3 6 5
3 9 7 21 13 7 7 -8 -29 -16 -5 24 29 7 6 7 -17 -33 -37 -37 -1 10 -15 39 26 19 25 17 4 -0 -11 -20 -31 -37 -18 21 33 18 20 10 -12 -3 5 0 -12 -6 13 6 6 7 20 24 11 11 14 19 24 11 -5 -4 4 -4 -11 -15 -14 -19 -1 -11 -24 -29 -2 23 -4 2 -14 31 1 -1 -0 5 6 -9 -8 7 2 0 5 8 14 13 5 -2 -5 -20 6 24
6 13 15 20 15 4 7 -15 -20 -38 0 30 19 23 19 9 -12 -16 -21 -29 -8 20 -14 31 28 21 14 13 5 -1 -2 -18 -26 -34 -48 1 31 16 23 12 14 4 -6 1 -7 -12 -4 14 4 9 18 33 32 26 21 15 3 27 14 -6 -8 -7 -13 -11 -8 -15 -19 -14 -12 -12 -16 10 22 -0 -20 -13 17 17 -2 8 6 -2 -2 8 -2 3 3 5 6 8 7 -11 1 -7 -2 -15
2 14 25 28 17 12 3 -11 -16 -7 12 34 20 37 26 7 2 -12 -19 -21 -24 -7 4 -3 13 13 5 5 -0 -1 -6 -22 -27 -33 -48 -9 10 21 25 17 16 11 8 7 11 -3 12 8 14 13 -0 11 21 21 30 21 -5 -16 16 8 -6 -10 -13 -6 -12 -15 -19 -8 -4 3 -4 1 33 20 29 13 19 13 8 -1 7 7 4 2 1 -1 -5 2 11 -1 -6 -17 3 -10 -16 -22
6 10 9 35 32 17 12 1 -14 -1 7 45 40 27 24 23 1 -14 -19 -17 -26 -35 24 7 1 4 3 -9 -15 -12 -11 -20 -26 -32 -27 12 7 26 12 14 21 11 8 14 18 -1 12 -5 -1 20 7 -14 13 7 25 16 7 -21 -22 1 -4 -8 -15 -9 -13 -3 -11 -19 20 22 14 2 16 32 23 19 1 16 13 8 5 -3 -7 1 -14 -9 -9 -15 -13 -1 -12 -14 0 -9 -24 -16
8 -1 -0 8 30 19 17 7 -5 32 47 41 34 28 20 17 3 -7 -11 -14 -23 -26 -25 13 14 1 6 -7 -26 -33 -24 -20 -18 -23 -22 13 38 24 13 20 14 8 12 20 5 -5 -1 10 5 13 18 -3 6 10 13 14 4 -7 -15 -27 -16 -9 -6 4 5 13 -17 -28 34 31 31 21 13 10 15 22 -0 -6 8 11 -2 3 -9 -7 -20 -4 -2 -10 -11 -10 -5 -8 -13 -20 -20 23
-7 -17 -30 -18 31 20 9 6 -6 -7 32 42 31 25 17 15 5 -10 -20 -22 -24 -10 -20 -30 27 17 4 -0 -14 -30 -28 -13 -8 -13 2 26 22 19 28 27 10 2 -2 -3 -5 -0 15 3 7 4 18 15 10 -13 -14 13 1 -9 -16 -11 -19 -15 -14 -17 7 11 2 -16 -2 10 33 30 39 20 -3 -1 5 -12 -8 -6 -0 4 -9 -19 8 6 10 3 -2 -2 -6 -4 -20 -33 -10 21
-18 -11 5 44 35 21 8 5 -1 -5 1 28 36 22 14 10 -5 -16 -27 -24 -14 3 -14 -33 -32 27 11 5 -3 -14 -15 -22 -17 10 24 18 14 38 34 19 10 9 16 13 19 43 22 25 12 3 9 16 11 -5 -23 13 -4 -12 -6 -20 -24 -12 -7 -15 -15 -3 9 -12 -17 -26 -30 25 41 25 4 -11 -7 2 2 -5 -12 -11 -4 -6 -15 6 4 11 -4 1 -4 -16 -23 -22 -24 13
