reca/docs/data/PA5_1997_2017_CPRISTINE_S30kmFill_V.asc
ncols 813
nrows 670
xllcorner 112.925
yllcorner -43.575
cellsize 0.05
NODATA_value -9999.0
[rows 477 to 529 of 670, columns 576 to 671 of 813]
14 12 10 27 21 24 30 22 21 14 3 -0 2 4 -0 3 3 -11 -18 -5 -6 -2 -2 -6 -6 -1 4 6 1 -6 -8 -0 -10 -21 4 15 32 13 27 23 9 -1 -5 -1 -5 -4 -3 -2 12 18 12 9 4 -4 -3 -4 2 -6 -2 1 0 -3 2 2 0 4 11 4 -0 -5 -7 11 1 -0 -2 1 7 4 10 12 7 15 23 17 23 19 15 4 25 24 -10 -20 22 13 6 -0
2 20 18 28 27 20 32 31 22 9 3 6 5 -0 -4 2 1 -7 -9 -8 -6 -8 -0 -5 -5 -3 -1 1 -1 -3 -9 -14 -16 -11 -5 26 32 21 -1 17 17 11 0 2 -10 -14 -2 2 6 14 16 11 5 -3 -4 -6 -2 -8 -2 7 -0 4 2 2 1 4 10 8 4 1 -10 7 3 -0 -4 -1 3 -5 9 15 2 9 37 25 15 22 15 8 13 34 -10 -26 23 14 7 7
11 12 28 26 28 32 31 37 27 15 4 2 3 -4 -13 -2 0 -6 -5 -2 -2 -6 -1 -9 -9 -6 -5 -3 -6 -7 -9 -13 -20 -18 -16 1 32 14 3 20 22 10 -1 4 -1 -12 -5 -14 7 27 21 14 7 -1 -11 -9 2 12 7 3 6 8 3 -1 0 7 2 11 6 1 -4 3 3 -3 -2 -3 -4 -4 1 5 8 6 33 29 20 20 20 10 -4 36 -6 -10 -28 9 12 9
24 28 30 27 22 33 39 35 25 16 9 5 7 -2 -13 -9 -5 -13 -7 -5 -8 -1 -3 -7 -10 -8 -9 -10 -12 -11 -5 -12 -20 -19 -1 26 25 16 25 20 11 4 10 6 -9 -13 -4 -1 15 29 22 17 11 2 -2 9 7 4 2 5 8 7 2 -1 2 7 3 -1 -1 -8 -9 -8 -8 -1 -6 -1 -5 -4 -3 3 16 15 26 30 19 22 15 14 5 25 9 -12 -31 12 15 7
22 29 29 28 28 46 39 27 21 10 1 13 1 -4 -15 -9 -7 -13 -8 -4 -2 -4 -4 -10 -11 -10 -11 -10 -2 -5 -9 -19 -12 3 9 19 19 13 11 9 7 3 4 2 -6 -6 9 30 28 33 30 21 17 9 8 -2 4 2 1 3 8 7 2 -1 10 8 1 3 2 0 -6 -7 -7 -9 -3 -5 -3 3 5 -7 -5 20 40 21 20 20 19 26 16 15 15 -9 -12 16 13 8
21 31 35 34 36 41 37 36 27 13 8 9 -4 -18 -20 -14 -5 -5 -6 -7 -5 -5 -6 -11 -8 -8 -13 -3 -11 -4 -4 -14 -17 10 3 8 7 4 -1 10 7 4 6 2 15 27 22 13 9 29 35 24 16 11 6 2 -2 -5 -0 -2 7 7 3 8 7 1 -3 -5 -9 6 2 -5 -4 -7 -9 -3 4 -1 1 2 4 0 11 31 26 20 18 17 19 14 16 -11 20 17 3 -4
22 28 33 36 34 35 40 34 23 8 2 7 -3 -13 -19 -20 -8 -7 -9 -8 -8 -5 -8 -10 -13 -7 -7 1 -6 -17 -3 -3 18 12 8 6 0 4 -4 -9 11 10 10 17 13 10 7 15 31 24 28 21 22 15 9 4 -3 -6 3 -1 6 6 9 12 7 5 5 -1 -4 -3 0 -6 -4 -3 -5 -6 -3 -5 -5 -1 4 5 5 11 19 32 16 19 22 16 12 10 13 8 4 9
22 26 29 37 30 27 32 26 17 3 -6 -2 -5 -8 -17 -13 -7 -8 -10 -10 -6 0 -1 -6 -6 -4 -8 -6 2 -3 -5 6 18 -11 -14 7 19 22 -1 -17 11 22 19 21 13 7 0 18 27 25 34 29 25 20 12 10 4 1 2 2 4 5 13 11 8 5 1 -1 -5 -8 -0 -2 -6 -5 -3 -3 -3 -1 -4 -5 11 9 6 7 7 17 23 22 22 13 12 10 8 6 2 3
20 26 30 37 30 25 18 23 12 -0 -7 6 -4 -1 -6 -9 -12 -11 -8 -7 -5 1 2 -3 -4 -6 -7 2 -13 -3 -1 20 14 -34 -9999 -9999 -9999 43 -5 -15 12 13 7 11 9 5 12 28 26 28 32 32 27 23 14 13 12 5 3 -0 3 5 12 11 7 5 2 3 -1 -8 -8 -1 -5 -5 -1 3 4 3 -0 -2 12 9 12 7 8 19 19 18 12 19 17 14 11 11 1 1
14 26 30 34 28 21 23 20 6 -11 -15 4 3 -7 1 -4 -7 -12 -10 -10 -8 -8 3 -2 -6 -4 -6 2 -5 -6 13 18 9 -15 -11 10 24 21 -9 2 8 3 13 30 20 10 10 8 26 30 35 35 32 27 22 20 13 6 3 3 5 15 13 11 9 9 8 1 -1 -5 -4 -4 -4 -5 3 5 7 11 10 11 15 7 13 12 8 11 11 5 13 25 19 11 -2 29 14 10
13 19 25 32 29 24 26 19 6 -9 -17 -15 15 1 4 1 -1 -7 -12 -11 -8 1 1 -6 -8 -4 4 0 -5 -7 -2 12 4 2 6 -0 -3 -11 4 11 -4 -5 26 31 29 24 25 19 15 16 21 26 35 33 25 20 11 2 3 4 2 17 11 12 11 12 11 6 2 -4 -3 -2 -5 1 3 5 13 15 13 9 8 8 14 14 13 6 9 11 7 12 16 4 -9 28 30 20
1 19 30 34 32 34 26 22 11 -7 -16 -10 11 15 6 5 2 -6 -9 -7 -9 -1 -5 -6 -9 -6 6 0 2 -4 -3 4 6 2 12 4 -11 -22 12 4 -10 7 22 27 23 21 19 19 29 30 33 36 30 30 27 16 9 10 9 7 5 16 11 12 13 13 12 7 3 -1 -3 -3 -3 4 3 -3 1 9 15 14 12 8 11 11 15 12 19 15 12 11 10 3 -2 -17 7 34
-8 7 12 18 19 30 25 23 15 0 -14 -10 3 19 13 10 1 -5 -4 -6 -5 -6 -3 -9 -6 4 -3 -7 4 5 2 4 7 3 7 -2 -14 -18 16 -9999 -7 20 25 17 20 19 13 23 28 25 30 35 30 32 26 24 21 17 12 7 13 12 12 11 10 5 9 8 2 -2 -2 2 -1 -3 1 6 6 12 14 14 17 18 21 22 20 15 17 14 11 9 6 -5 3 9 -8 2
-13 4 6 17 23 38 28 26 19 3 -5 -2 -16 -20 21 17 4 -5 -6 -4 -6 -6 -8 -5 -10 -5 -4 5 11 6 11 13 9 3 -3 -3 -10 16 7 -4 3 12 7 1 17 19 16 21 26 29 33 33 34 29 23 16 12 10 8 9 11 7 10 8 5 4 8 1 2 -0 -5 -2 -1 -3 0 2 11 15 8 2 12 16 13 17 17 20 16 14 13 11 8 4 -8 -0 27 -9
-5 4 -3 4 5 39 35 22 13 10 4 1 1 -13 -4 21 11 1 -0 -2 -2 -3 -8 -5 -6 -6 -0 16 17 13 15 15 11 9 8 6 11 9 2 -15 2 18 12 7 15 17 12 17 22 28 30 31 30 29 26 26 19 15 8 7 12 5 3 12 10 2 7 8 2 -2 -2 -4 -4 -0 5 8 9 5 2 3 10 10 13 10 7 12 18 19 18 15 8 6 4 3 6 26
-2 -0 3 10 3 38 31 21 15 14 8 -0 -9999 2 -10 13 18 12 5 1 0 -1 -5 -10 -8 -8 8 15 18 15 14 15 17 13 18 14 7 -5 -6 6 13 13 13 9 13 11 11 14 20 23 24 33 31 28 27 22 21 9 6 6 15 10 6 5 5 7 12 9 4 2 -5 -3 -2 -4 3 1 6 9 5 3 11 15 11 9 13 13 16 13 16 14 4 -4 -2 3 5 -7
-13 -9 -8 -5 -1 14 21 25 29 20 10 2 4 -0 -11 13 20 9 4 -0 11 13 6 -2 -7 -13 -12 -14 -22 24 22 13 17 9 6 7 5 1 16 17 9 9 12 10 10 9 10 13 18 22 24 25 27 26 22 20 17 15 5 17 17 11 8 3 4 15 16 8 7 1 2 -3 -3 -5 4 2 4 8 7 5 3 7 11 10 8 5 14 13 13 8 2 -2 -1 -15 -6 10
-14 -10 -8 -12 -9 3 11 18 22 21 14 4 4 6 -1 -4 2 6 11 6 14 17 9 1 2 -5 -7 -16 -5 -15 7 25 22 15 5 2 14 -9999 -6 -5 5 3 13 14 10 11 14 14 16 16 19 22 23 23 19 14 16 12 5 4 -1 6 9 3 14 21 15 9 5 -1 3 -2 -5 -2 2 -2 5 8 8 7 6 9 8 6 6 8 7 14 11 5 -4 -1 -8 -23 6 26
-18 -13 -13 -15 -6 5 16 15 14 17 17 17 11 5 2 7 2 3 4 -0 9 18 13 7 0 -2 -2 -8 -11 -17 -18 -11 26 17 13 13 6 -3 -5 -0 -12 -5 10 12 11 13 15 12 13 15 13 17 21 19 17 14 12 10 9 3 11 15 8 5 9 19 13 9 3 -1 2 1 -5 -2 4 2 8 14 10 5 7 10 7 3 2 5 6 10 8 5 5 -1 -7 15 34 27
-12 -13 -11 -15 -9 8 11 17 10 19 23 21 15 9 7 6 0 -2 -1 7 12 21 16 6 7 5 -2 -6 -2 -12 -17 31 20 4 16 5 4 -2 6 1 3 3 8 7 5 14 15 17 15 13 13 16 17 14 10 5 5 8 9 3 9 9 3 6 18 17 11 6 4 1 -0 -2 -2 -1 2 1 4 10 6 4 9 9 9 5 1 7 9 10 9 6 2 2 -9 17 45 30
-12 -9 -10 -4 -8 1 9 15 12 15 20 23 17 15 8 6 2 7 12 16 31 30 21 13 9 6 -2 -1 1 -7 -15 30 15 -2 19 12 4 3 6 -7 -5 -4 3 4 9 12 15 17 16 15 13 18 16 10 5 5 3 2 -0 0 3 1 2 11 14 14 8 4 3 2 1 -4 1 2 2 5 6 6 3 8 7 5 6 4 6 10 11 8 4 0 9 8 -9 6 43 33
-10 -8 -8 -4 -5 -7 -2 3 14 16 18 20 19 21 18 10 8 8 17 10 17 20 19 12 15 10 6 -5 -13 -28 -20 21 -9 9 17 13 6 -2 -5 -4 -1 -3 5 5 3 9 12 15 17 16 17 19 14 3 0 -3 -5 -3 -3 -4 -8 -6 -8 5 4 13 11 6 4 3 -1 -1 0 -2 -1 6 5 1 3 4 6 2 8 4 3 13 12 5 6 16 11 5 -3 3 34 43
2 -1 -0 -2 -3 -4 -2 5 8 16 20 24 24 25 23 19 13 9 8 20 7 15 23 17 14 14 6 -3 -11 -27 -36 18 11 -12 -20 -5 8 4 3 -2 -2 3 4 7 3 5 13 14 17 20 22 16 9 1 0 -3 -6 -3 -6 -10 -7 -8 -10 1 -1 2 8 2 0 2 -1 -4 -4 -0 -3 3 1 2 1 3 3 1 -1 2 1 9 8 4 14 9 6 7 -1 8 32 38
-4 -3 -2 -5 -5 0 -0 5 10 22 26 25 26 22 16 18 13 12 8 17 23 21 24 12 13 8 7 -1 -10 -21 -35 -23 13 -10 -12 12 -5 10 4 -5 -1 2 7 8 4 4 7 11 15 19 22 14 9 4 1 -8 -13 -12 -7 -8 -12 -12 -5 -4 -3 2 2 1 -4 -4 1 6 8 4 -1 -2 -3 2 5 2 1 2 -0 2 1 13 5 9 5 8 8 6 -0 15 32 24
-6 -3 -4 -5 -3 2 6 8 12 16 23 27 26 24 16 13 19 9 11 15 7 9 15 15 12 0 -0 -0 -8 -20 -13 -23 3 15 5 15 6 2 4 -2 -3 0 6 9 9 6 9 8 9 11 15 21 17 12 4 -6 -8 -12 -13 -15 -14 -9 -5 -3 -1 2 1 -0 -3 -2 1 6 3 2 2 -2 -3 -5 5 3 2 4 -0 -1 1 7 16 7 10 12 7 2 -6 7 19 -4
-6 -6 -4 -3 3 1 7 13 16 20 17 17 16 12 5 5 -4 -8 12 10 1 12 15 8 0 -5 -8 -9 -9 -11 -7 -7 -14 2 21 20 10 4 0 4 4 5 7 6 5 3 7 9 10 10 15 6 13 12 4 -4 -9 -9 -11 -15 -16 -11 -10 -5 -2 -2 -0 -3 -5 -8 -4 5 6 5 2 -1 1 2 3 2 -1 -2 -2 5 3 10 13 14 17 10 9 7 9 15 -9999 -7
-9 -8 -2 -4 -0 11 14 15 19 18 15 12 7 17 14 16 3 -2 -4 21 27 -9999 3 5 -17 -9 -5 -12 -5 11 8 -1 -14 -26 13 21 14 9 -8 15 6 11 7 8 5 4 2 7 4 3 21 9 6 5 2 -5 -4 -6 -7 -15 -17 -15 -20 -8 -5 -9 -5 -3 -3 0 4 5 4 6 3 2 3 2 1 1 -1 -5 -1 7 5 6 6 -12 -9999 11 29 13 15 10 0 -13
-13 -21 -17 -3 -1 8 16 15 11 19 27 24 22 25 17 13 10 1 -1 7 1 -9999 -1 39 -9999 -11 -14 -16 -8 10 10 5 -2 -18 -23 4 25 15 3 9 17 15 13 10 7 1 8 11 6 -2 -2 9 0 6 -6 -11 -6 -5 -5 -10 -12 -15 -15 4 2 -8 -10 -12 -11 -3 1 4 6 5 2 6 3 0 1 -0 -2 -5 2 6 -2 -1 6 -44 -9999 -9999 54 2 9 3 -5 -19
-14 -26 -26 6 5 15 18 15 29 33 35 31 23 17 21 17 13 12 7 4 -63 -9999 -9999 55 6 -15 -17 -18 -14 11 13 6 -1 -10 -22 -19 11 25 21 16 11 16 14 13 5 9 11 8 12 10 12 16 4 -6 -14 -16 -2 -10 -12 -1 -4 -15 -12 6 -2 -9 -14 -12 -11 -1 3 -0 2 2 2 3 -0 3 2 2 -3 -4 -6 -2 -3 2 4 -21 2 2 21 6 -1 -5 -16 -16
-16 -22 -30 8 7 21 18 30 37 35 33 32 31 25 16 14 21 7 5 4 -72 -9999 -9999 56 13 -14 -14 -3 8 10 13 7 -5 -14 -18 -25 -4 21 25 18 16 25 17 12 14 7 5 2 3 7 19 15 4 -3 -8 -20 -5 6 -7 -0 -9 -10 -9 -3 -4 -8 -13 -10 -1 -3 -0 2 -1 -1 -3 -1 2 -9999 1 -1 -1 -5 -2 4 -1 4 -1 -0 1 -2 -9 6 5 -11 -25 32
-13 -25 -27 -2 4 21 18 18 21 20 21 22 23 29 23 20 28 9 5 5 -34 -15 -15 1 -22 -1 18 18 4 7 17 4 -15 -4 10 -17 -15 -11 -21 24 35 22 22 16 6 15 6 -0 7 16 15 12 6 -0 -9 -9 0 -1 -8 -13 1 -1 -8 -8 -2 -10 -9 -3 -2 1 1 2 -1 -1 -1 -1 -3 -0 -1 -3 -1 -2 -1 4 -0 -0 -6 -7 4 1 -6 3 0 -13 2 38
-12 -17 -27 -21 -9 7 16 13 17 9 12 16 7 -1 -6 25 32 15 2 -4 -15 -9 -16 -27 9 36 29 14 4 27 18 1 -13 -17 12 -16 -5 -9 -13 7 -13 21 31 24 13 11 6 1 2 3 10 9 4 -1 -3 -8 1 -5 -11 -10 -4 -1 -2 -7 -4 -11 -4 -1 -3 2 1 3 1 -0 -3 -3 2 2 -2 -3 -3 -5 -5 -5 -6 -3 -6 -8 -2 1 2 -6 -2 2 6 19
-16 -14 -23 -24 -20 -0 11 11 15 10 8 3 12 2 -5 8 31 20 7 -9 -6 12 5 28 38 37 25 16 20 26 15 6 -8 -21 5 -16 -6 -10 6 12 -7 -21 31 32 14 16 11 6 1 1 4 2 -6 -5 -1 -1 13 21 12 4 9 -4 -10 -11 -12 -24 -8 -2 -4 5 3 4 4 4 5 -0 -0 -1 -3 -9 -3 -4 -8 -6 -5 1 -4 -7 3 -2 3 -7 2 20 21 22
-20 -19 -21 -20 -14 4 7 12 10 3 2 5 19 23 26 30 25 8 14 1 -2 2 -2 14 17 19 24 21 19 16 13 6 -16 -7 16 2 -3 -8 -7 5 -7 -22 -10 38 20 7 12 11 2 -1 -9 -15 4 2 0 3 28 22 9 1 4 -6 -10 -3 -16 -16 -8 -3 2 7 7 5 3 5 1 2 3 2 -6 -6 -3 1 -4 -7 -6 -0 -5 -8 1 -2 1 4 8 12 5 1
-18 -17 -19 -19 -16 3 6 6 2 5 17 31 32 35 28 37 24 11 28 21 12 -13 1 19 14 -1 19 22 9 6 1 -9999 -7 22 11 8 8 -0 -7 -9 -13 -19 -1 24 21 8 -1 9 12 -2 -14 -6 -11 -3 -4 11 27 23 13 4 1 -3 -8 1 -3 -11 -10 -10 -10 -1 2 7 7 3 3 1 2 -0 -3 -7 -9 1 -2 -5 -4 -3 -3 -7 -1 2 -1 3 16 14 2 -2
-18 -20 -17 -26 -9999 3 2 7 11 20 23 30 25 38 33 29 29 19 17 14 6 -6 17 32 3 26 17 23 9 3 -7 -19 -19 25 20 16 5 2 -5 -12 -22 -3 34 21 16 10 6 -3 6 4 -9 -13 -16 -17 -13 20 30 22 17 10 4 -3 -2 14 3 -5 -3 -5 -4 -3 -5 -2 -3 2 6 5 1 -1 -2 -3 -11 -4 7 -5 -1 -1 -5 -3 -1 -1 6 1 14 19 5 4
-23 -19 -17 -27 -9999 23 12 20 24 18 21 20 23 29 32 28 31 19 26 18 5 6 28 15 16 18 7 20 3 -6 -8 -23 -21 17 26 13 5 5 -4 -8 -18 4 38 21 12 13 8 -7 -13 1 -11 -10 -18 -25 -19 31 33 23 23 15 5 -11 -20 18 11 1 -0 2 4 -0 4 5 0 -2 -6 3 5 2 -1 -4 -10 4 2 -2 5 1 -4 -6 1 2 6 4 7 10 6 -7
-22 -20 4 -1 11 22 19 16 29 23 16 18 15 17 31 32 25 21 24 18 10 7 32 31 24 17 14 15 -1 1 -10 -20 -6 17 20 -2 0 1 12 -4 -15 -9 42 28 20 10 2 11 -11 -4 -13 -8 -18 -27 -25 28 29 24 16 6 -1 -10 -14 23 20 5 4 4 1 -1 4 8 4 0 -3 -6 -4 1 -1 -6 -8 13 6 0 7 4 -1 -6 -0 4 7 6 5 3 -6 -9999
-17 10 13 8 8 20 19 20 17 26 24 11 23 17 20 18 22 18 21 27 22 27 25 31 24 23 16 3 -3 -7 -8 -9 -8 3 5 -8 -12 19 13 0 -15 -20 36 34 18 12 -5 -10 6 -1 -14 -17 -17 -25 -30 23 26 21 12 3 -3 3 1 8 26 7 -1 1 -1 -4 -1 7 6 -0 -5 1 0 -9 -2 -6 -9 2 4 2 -4 -1 3 4 2 5 4 6 3 1 -2 -0
-17 -15 -5 7 13 7 30 18 28 18 23 12 17 14 18 13 17 20 22 25 17 23 25 24 21 18 16 5 -6 -6 -3 -5 -12 -9 1 -10 10 21 10 13 -8 -4 38 33 21 8 -5 -15 -21 -15 -6 -12 -19 -23 -30 -4 29 22 13 6 -2 6 -9 15 22 6 -0 -2 4 11 11 14 11 4 10 2 0 -4 -8 -10 -1 -8 -6 9 3 3 6 6 3 2 2 1 -0 2 -2 -7
-20 -37 -9999 -4 30 9 38 25 18 24 27 7 18 13 15 11 17 20 22 20 22 19 22 19 21 17 13 6 1 -3 -0 -7 -1 2 -4 -5 -1 23 18 0 -13 21 38 36 20 4 -5 -19 -21 -19 -28 -9 -12 -18 -22 -10 22 13 9 6 3 8 5 26 11 -1 13 18 17 10 6 4 12 12 1 -2 -7 -8 -14 -7 -6 -4 -11 3 2 3 0 5 5 4 -1 -4 -1 -2 -2 -6
-8 -46 -9999 -9999 50 2 39 32 10 26 21 10 13 12 13 15 18 15 19 16 22 16 19 16 16 12 15 11 7 1 5 11 13 7 5 0 -3 24 17 0 2 40 21 31 19 7 -6 -24 -15 2 -12 -16 -16 0 3 4 10 9 13 5 5 7 17 22 6 8 22 19 10 7 4 -1 -2 11 3 -5 -3 -6 -11 -14 -13 -9 -2 -2 -2 -1 -5 -3 0 9 1 -2 -6 -9 -5 -8
-0 -51 -9999 -9999 43 -26 17 46 35 34 26 13 13 9 13 12 13 21 14 16 22 15 14 17 16 7 9 0 -3 4 6 15 14 8 11 7 5 9 18 10 37 37 25 27 13 7 -7 -26 12 0 -12 -13 -13 4 3 3 3 11 12 11 7 19 24 18 7 11 20 15 10 8 6 -4 -3 -4 -1 -0 0 -4 -11 -13 -9 -11 -7 -10 -6 -0 -1 2 4 4 -0 -4 -8 -8 -1 -7
-4 -17 -11 -9999 8 -14 16 38 34 31 23 13 11 7 9 10 11 21 17 15 12 7 8 14 6 2 9 -0 -3 5 9 9 14 11 8 2 7 9 19 14 28 39 23 20 12 10 -6 -23 -26 -1 -15 -12 -8 0 -2 -0 -4 -2 3 14 22 20 22 19 13 11 14 15 7 6 2 1 -7 -11 -1 -1 4 -2 -7 -6 -7 -6 -8 -5 -3 0 4 6 5 6 9 2 -1 -4 -7 -9
-7 -4 -6 1 -2 -9 10 46 36 31 22 14 11 9 1 14 15 18 15 11 4 7 15 3 4 17 22 9 -2 6 10 12 14 9 8 6 5 21 15 -1 14 42 30 24 13 9 -2 -17 -28 3 -13 -15 -1 -5 -6 -1 1 2 0 2 15 14 17 22 18 16 12 13 8 3 -0 2 2 1 -1 3 -3 -8 -0 2 -1 -4 -5 -3 -3 -4 6 8 9 5 8 3 3 3 -3 -11
-8 -7 -8 -2 -2 -7 2 55 42 31 24 15 13 8 4 13 17 14 9 2 3 5 1 0 1 17 20 11 5 2 5 16 17 10 4 15 15 17 13 16 37 39 28 17 12 9 -0 -12 -22 -22 -19 -11 -3 -5 -2 -2 5 1 2 -1 8 9 13 23 17 14 12 11 11 2 11 8 4 6 8 8 -0 -2 13 8 11 8 -1 -1 -5 1 7 9 5 0 9 15 3 2 1 -3
-13 -9 -12 -8 -3 -10 -13 42 49 34 22 14 13 9 3 13 13 12 6 8 9 -2 -8 -4 -9999 31 16 12 7 3 12 16 21 14 8 24 14 15 15 14 6 -1 26 13 12 9 4 -11 -21 -24 -17 -6 -7 -8 -6 1 2 3 0 4 10 13 14 22 22 15 13 14 11 1 -2 18 13 12 14 8 5 16 13 7 10 5 -2 -3 -3 6 11 5 0 -5 -1 15 6 -1 2 9
-7 -6 -10 -10 -5 -10 -21 55 54 35 22 16 4 12 7 12 10 13 6 5 1 -5 -16 -20 36 31 13 7 20 7 14 7 4 29 4 11 33 11 -1 -9 17 27 32 19 23 13 7 -6 -13 -17 -20 -7 -10 -8 3 -0 -0 -2 6 7 10 12 23 20 22 19 9 8 10 -0 -4 -2 17 13 11 2 2 11 15 7 3 7 0 -2 -3 -3 -1 -3 4 1 3 14 9 0 -7 -7
-9 -8 1 -7 -5 -7 -18 50 53 36 22 16 3 14 12 10 9 7 8 8 2 -4 -13 -17 2 24 13 7 3 4 13 9 1 23 13 9 30 12 -3 4 12 -9 18 27 24 25 10 -2 -10 -17 -22 -14 -11 -9 -5 -2 -6 -8 6 11 15 15 17 21 25 18 12 8 13 8 9 5 17 8 5 -2 -0 8 22 10 -5 -8 -3 3 9 3 -5 -9 -5 2 2 13 4 -1 -10 -20
-11 -5 -2 -9 5 3 -14 45 53 33 22 19 -1 17 14 10 7 3 6 5 4 -6 -11 2 -6 8 -1 2 2 1 2 12 48 35 23 19 28 11 -5 -2 -19 -24 27 28 31 31 12 -4 -11 -13 -22 -20 -2 -2 -5 -4 -1 -4 3 7 15 9 23 29 20 19 17 15 16 8 9 6 15 6 8 3 3 8 17 8 2 -8 -10 1 2 -4 -11 4 7 -0 -2 13 3 -7 -15 -20
-6 -13 -26 -25 -20 -31 -18 48 55 36 23 8 -4 16 9 7 2 1 4 -3 -2 -1 -8 -5 -6 16 12 3 8 2 -4 24 58 49 38 29 23 11 -2 -6 -27 -28 18 29 39 37 17 1 -10 -22 -30 -25 4 -1 7 5 4 -4 2 13 15 6 14 29 20 15 15 22 19 11 15 16 16 12 9 1 -8 -1 5 6 -2 -5 -5 -4 -5 -12 0 4 4 1 -0 9 3 -5 -13 -25
-16 -17 -31 -40 -33 -40 -55 12 53 37 23 9 6 12 4 2 0 -4 -0 -1 -7 -13 -12 -4 11 21 12 8 5 3 10 39 46 45 35 25 20 13 2 -12 -18 -4 -11 -22 6 36 16 1 -14 -24 -30 3 10 -4 -3 9 5 3 9 15 12 2 22 24 14 17 18 13 24 25 19 20 16 12 5 -3 -4 -6 10 4 -3 -4 -5 -4 -8 -10 -4 -3 -2 -4 1 7 7 -6 -12 -19
-23 -24 -37 -46 -42 -25 -26 44 42 32 24 7 4 9 -0 1 -5 -7 -0 -1 -7 -13 -9 18 15 11 7 1 9 27 42 35 32 27 35 23 19 24 7 -17 -19 -16 -32 -26 26 35 11 -6 -16 9 0 5 5 -6 -14 5 8 7 8 16 7 8 19 15 18 15 10 3 4 14 26 21 16 9 7 2 2 -1 0 1 -1 -4 -9 -8 -5 -9 -7 -10 -2 -7 1 8 2 -8 -6 -9
