reca/docs/data/PA5_1997_2017_CHCAS2_S30kmFill_V.asc
ncols 813
nrows 670
xllcorner 112.925
yllcorner -43.575
cellsize 0.05
NODATA_value -9999.0
[rows 424 to 476 of 670, columns 576 to 671 of 813]
-19 -16 -25 -16 -12 2 3 9 4 -11 -16 7 12 -14 -12 -4 -8 2 -2 -13 -13 -20 -3 1 -6 -15 -15 -11 -3 13 8 3 -3 -6 -7 -11 8 6 11 0 -10 -14 -6 3 16 16 16 13 13 6 5 23 28 35 6 20 27 28 41 35 15 -1 -4 -7 -15 -6 12 2 4 6 0 -8 -2 33 28 25 12 6 26 28 21 14 11 8 11 30 16 6 -6 -5 -12 -14 -12 -11 -13 -15
-24 -22 -26 -14 -9 -15 2 2 8 -9 -21 13 14 -5 -27 -28 -8 2 -5 -11 -16 -19 -4 -3 -5 -15 -11 2 6 10 0 -2 -4 -11 -11 -3 12 3 5 -4 -6 3 1 11 6 9 13 10 6 -1 9 31 31 9 25 29 28 24 22 24 11 3 -3 -15 -10 17 9 -0 10 9 -4 -12 32 22 28 19 20 9 17 27 29 20 13 17 9 9 11 9 8 1 -1 -4 -16 -16 -28 -30
-22 -29 -29 -11 -9 -9 -10 -10 -5 -2 -12 -8 8 -3 -16 -29 -8 -11 -7 -4 -8 -21 -5 -5 -12 -8 -4 -2 -7 -6 1 6 5 -4 -11 -2 -4 10 -2 -2 4 -15 -9 -0 -0 -0 16 12 19 17 19 29 21 10 7 13 13 16 2 -1 3 -2 -10 -15 15 23 14 8 8 5 -4 -11 32 26 22 21 13 15 27 27 39 34 24 11 17 7 14 16 7 -7 -17 -11 -28 -36 -35 -40
-27 -27 -30 -22 -15 -17 -12 -9 4 6 3 1 0 6 2 8 -1 -12 -18 -14 -13 -21 -15 -14 -11 0 4 0 -4 -11 -1 6 -7 -17 5 9 16 11 4 -1 -3 -7 -8 -5 -14 -10 6 10 23 18 25 25 15 17 13 4 -8 26 18 -8 -11 -14 -3 0 14 13 3 7 5 -0 -14 -11 33 25 22 29 22 19 34 41 40 35 32 31 19 8 6 12 8 -8 -10 -24 -30 -27 -33 -55
-27 -30 -24 -16 -15 -12 -13 1 -3 -0 9 6 -2 -0 5 7 -10 -17 -29 -33 -24 -24 -18 -11 -4 6 11 8 -2 -1 7 8 -3 -15 24 23 18 12 3 -4 -13 -15 -11 -4 -5 -20 -12 5 21 5 28 31 22 23 7 12 -8 10 25 -3 2 -15 2 -1 -2 -4 2 4 2 -3 -15 5 18 25 20 22 22 30 36 41 27 36 29 30 20 2 -11 9 4 -1 -20 -27 -31 -28 -37 -65
-28 -29 -21 -16 -22 -14 -12 -7 -9 5 4 4 -4 8 17 2 -4 -13 -20 -20 -14 -13 -15 -17 -8 5 5 6 2 3 16 12 -5 6 28 23 8 -2 -1 -4 -30 -26 -33 -34 11 -7 -9999 -3 18 17 32 36 51 25 9 11 11 -24 -4 8 5 -4 -4 -9 -21 -17 2 10 7 -1 -6 6 10 18 18 22 15 11 25 15 14 27 29 33 19 12 -5 -3 5 -3 -5 -23 -31 -17 -30 -50
-34 -29 -24 -24 -28 -14 -14 -1 3 7 7 2 5 18 17 11 -3 -4 -8 -9 -1 -15 -26 -23 -17 -8 2 6 5 -5 -9 20 16 20 26 14 -17 -26 -26 -26 -12 -31 -9999 -9999 -9999 -9999 14 7 24 37 38 45 44 23 0 4 2 2 -14 -2 -8 -7 -0 -5 -20 -16 -4 8 17 13 8 6 6 6 10 4 -4 -5 -11 -6 8 19 23 20 42 12 2 -3 -2 -9 -8 -17 -28 -30 -38 -47
-39 -25 -22 -21 -28 -20 -20 -2 8 15 9 9 15 17 9 2 3 -1 3 1 -2 -8 -15 -11 -14 -10 6 7 1 -6 0 16 13 6 12 11 2 5 -26 -11 -16 -15 -31 -53 -9999 -9999 -9999 12 -5 -0 29 63 60 19 17 5 -2 -8 -10 8 -2 -10 -11 -6 -10 -14 -6 8 15 11 -3 -5 7 8 -1 -6 -5 -4 -11 -14 4 12 20 13 19 20 -4 1 -3 -17 -17 -10 -7 -32 -39 -56
-37 -30 -18 -16 -12 -15 -16 -21 -8 10 8 15 21 14 12 12 12 10 2 -2 -7 -23 -16 -7 -3 -7 -1 1 2 -4 15 15 4 3 9 9 9 3 11 23 9 -4 -25 -51 -49 -25 -1 -3 -13 -5 -1 35 26 29 21 3 -4 -16 -4 12 -3 -14 -5 -7 -7 -17 3 11 20 11 -1 6 12 5 -16 -21 -9 11 -4 -18 15 10 6 3 14 14 13 2 -4 -8 -27 -18 -22 -24 -45 -57
-36 -34 -20 -18 -1 -5 -11 -15 -9 15 14 6 3 12 13 18 21 17 7 -10 -26 -35 -5 -3 6 -6 -2 3 3 18 17 8 9 18 16 1 6 5 14 5 7 -0 -24 -29 -23 -16 -12 -20 -18 -7 18 28 29 20 15 4 -9 -7 -1 -0 -13 -15 1 10 6 16 13 7 4 1 8 8 10 5 -14 -21 0 13 19 4 -7 -8 1 16 17 -7 7 -5 -4 4 -36 -37 -31 -21 -42 -54
-46 -38 -11 -17 -0 1 -5 -13 -6 14 9 4 23 15 1 20 22 21 2 -7 -26 -19 -22 -25 -13 -10 -5 3 17 21 10 11 18 15 10 11 21 23 17 1 -1 0 -19 -44 -37 -26 -35 -36 -34 7 50 55 36 21 13 3 -12 -10 -13 -4 -1 -5 -5 19 20 22 18 10 3 5 1 4 6 4 12 15 12 23 26 5 3 4 -1 9 21 7 2 15 19 7 -31 -29 -34 -35 -49 -51
-41 -14 -7 -6 -4 5 -3 -7 -6 3 7 11 24 4 -2 20 15 18 8 3 4 1 -16 -23 -23 -8 13 15 20 14 15 30 25 19 9 3 10 21 11 -1 1 0 -20 -31 -36 -37 -44 -37 -31 17 70 59 40 18 -1 4 -5 -19 -20 -14 -14 -15 -13 22 12 21 17 12 5 16 19 10 11 16 20 24 19 4 15 4 7 0 4 4 7 10 20 37 24 12 -10 -23 -19 -29 -43 -47
-11 -2 -8 -10 -2 -4 -5 -3 -3 3 -1 23 11 8 -2 9 8 21 6 8 -1 -10 -14 -23 -26 6 18 17 20 17 12 18 34 23 14 10 16 12 3 -9 -2 -4 -24 -19 -35 -28 -34 -32 -34 5 60 60 36 17 -1 1 -4 -9 -6 -15 -6 1 7 -5 -7 -0 1 5 3 11 20 25 41 25 17 36 27 6 -16 8 12 10 4 -0 -6 -3 8 16 17 5 7 -14 -27 -39 -28 -32
1 4 -19 -15 -3 -12 -2 -2 -1 7 18 6 8 6 -5 4 10 17 3 -2 -1 -7 -19 -34 -5 16 23 27 18 21 6 17 32 21 16 13 11 2 2 -2 -13 -12 -23 -19 -34 -30 -27 -30 -29 15 70 63 40 23 2 -6 -8 -11 -9 -7 1 9 2 -7 -6 -7 10 6 -3 10 10 23 31 31 31 26 37 17 -5 2 -11 17 1 -5 -12 -8 24 25 20 1 5 -3 -34 -44 -45 -43
-12 -10 -17 -4 -0 -4 2 10 10 7 13 -0 5 -7 -6 -1 4 4 4 0 -3 -7 -19 -28 8 20 27 24 18 11 -6 2 8 12 4 4 14 -1 -2 -12 -11 -16 -12 -17 -30 -21 -22 -28 -20 28 67 49 35 29 9 -4 -10 -9 -2 4 0 4 -8 -17 -8 -0 7 1 14 21 15 13 16 25 30 31 21 9 3 1 -18 -1 5 -4 -3 -7 0 22 8 9 -20 -16 -28 -28 -40 -63
-31 -32 -14 8 -2 -2 1 10 13 11 3 -6 -2 -1 -9 1 1 -4 -1 -10 -15 -15 -20 -22 13 16 14 24 15 0 -6 32 23 4 -4 -10 -3 -4 -10 -11 -8 3 -8 -16 -26 -23 -23 -25 -16 14 55 48 34 29 12 -7 -18 -12 -2 1 5 1 -13 -23 -4 3 -1 2 19 32 20 5 -1 -1 3 19 28 16 5 -10 -1 10 9 8 6 -3 -28 -1 14 -3 -4 -32 -28 -27 -25 -55
-21 -18 -2 7 -2 -4 -1 7 9 0 -4 -5 -14 -10 -9 -2 -13 -16 -7 -23 -18 -3 -3 -10 12 12 10 36 20 -0 -14 33 17 -1 -12 -15 -12 -27 -12 -11 -13 -3 -9 -6 -16 -20 -21 -20 -17 -2 26 42 40 26 6 2 -2 -12 -7 12 7 -4 -7 -8 -15 -17 -15 0 21 37 28 9 4 6 -12 -4 19 23 9 -12 5 17 17 16 2 -6 -13 17 15 12 8 -19 -28 -26 -38 -46
-18 -3 5 -0 -3 0 4 6 6 1 -8 -8 -18 -23 -12 -7 -16 -22 -23 -5 11 7 3 3 12 18 14 32 14 -4 -18 11 11 -8 -15 -17 -16 -29 -27 -14 -17 -9 -11 -12 -20 -22 -23 -20 -14 -9 10 35 44 25 19 5 3 -1 9 13 -5 -8 -4 -10 -10 -15 -17 -2 37 39 17 9 7 -3 -16 13 31 36 13 6 -2 20 12 12 1 -19 -4 15 19 0 -13 -22 -29 -25 -49 -56
-0 -0 -8 -5 2 10 10 4 -5 -7 -5 -12 -34 -13 -8 10 -14 -11 -8 -8 13 9 0 0 20 36 16 13 4 -12 -17 9 1 -2 -13 -19 -24 -26 -16 -17 -14 -11 -12 -8 -18 -23 -24 -25 -21 -13 -1 32 37 27 28 22 23 12 12 12 14 8 5 -2 -8 -13 -13 0 31 16 11 9 5 -4 -8 11 27 34 29 9 0 17 16 7 -7 -22 -8 14 5 -18 -32 -26 -14 -31 -52 -63
-5 -5 -18 -15 -0 19 7 -26 -30 -24 -15 -21 -31 -9999 -9999 19 -6 -0 3 43 43 11 6 -0 25 27 15 16 1 -10 -23 -14 -21 -15 -15 -21 -22 -37 -33 -20 -17 -11 -10 -6 -5 -15 -15 -14 -9 -1 20 45 50 32 19 13 23 10 2 10 4 -5 -3 -3 -15 -22 -17 -0 16 11 16 14 11 6 3 26 24 27 42 10 5 10 5 1 -20 -27 -32 -22 -27 -25 -31 -22 -7 -30 -42 -44
-7 -10 -18 -15 -24 -12 6 -5 -35 -39 -9999 -9999 -1 13 -9999 19 32 39 18 22 43 16 12 4 -8 -9 -30 -23 -18 -20 -20 -21 -9999 -17 -23 -19 -24 -38 -11 -26 -18 -11 -11 -9 0 4 -6 -10 -2 4 17 32 49 47 31 22 19 9 8 3 -2 3 -1 -3 -7 -11 -12 -2 14 14 14 18 17 -7 -6 1 10 7 15 18 8 9 9 -5 -18 -27 -21 -34 -23 -23 -17 -12 -10 -9 -27 -40
-4 -11 -16 -9 1 -23 -19 -3 -14 -40 -30 -9999 -9999 18 3 12 24 45 44 14 9 7 -1 -3 -13 -10 -5 8 -3 -4 -14 -24 -14 -23 -19 -19 -15 -33 -33 -25 -23 -21 -9 -9 2 -1 -7 -13 -9 1 12 33 51 53 40 34 22 8 5 7 3 6 3 1 5 -1 -6 -2 -1 13 11 12 1 -11 11 21 16 -4 -7 3 11 2 2 -1 -15 -8 -28 -33 -21 -10 -7 -12 -7 -9 -28 -49
-6 -11 -16 -26 -8 -5 -1 -1 -33 -9999 -8 22 17 21 11 37 16 15 20 14 10 7 10 23 9 -5 -3 -2 -8 -13 -33 -31 -21 -13 -13 -26 -24 -24 -23 -21 -27 -31 -22 -10 -13 -18 -23 -15 -6 5 14 29 42 54 42 33 24 17 12 3 4 1 -5 8 12 3 -8 -6 2 13 8 3 -5 -2 20 36 29 16 4 20 24 -3 -8 -7 -2 -26 -42 -24 -35 -21 -4 4 3 -20 -29 -42
-5 -10 -15 -48 -31 -31 -9 3 -28 -9999 -9999 -9999 31 15 8 33 44 30 34 24 14 9 15 -9999 -8 -9 -12 -15 -21 -2 -30 -25 -16 -8 -18 -24 -8 -4 -9 -20 -24 -28 -28 -20 -23 -31 -25 -9 -1 5 17 36 45 59 44 26 18 15 6 -1 2 -7 1 19 11 2 -11 -8 -1 11 2 0 -5 15 18 29 29 25 24 31 25 0 -13 -15 -22 -56 -54 -46 -44 -29 -20 -14 -2 -5 -33 -38
-5 -11 -19 -45 -30 -16 -4 27 -4 -9999 5 32 37 24 12 38 27 35 30 25 12 4 -4 -35 -30 -40 -24 -23 -23 -9999 -31 -17 -16 -16 -16 -2 8 8 -4 -14 -24 -20 -16 -19 -36 -33 -27 -13 -2 8 28 41 52 53 36 20 14 13 1 -3 1 5 7 13 14 7 -1 -3 -3 4 4 -8 2 14 10 15 18 21 36 31 22 -1 -7 -21 -39 -43 -33 -33 -41 -15 -20 -2 7 6 -24 -35
-26 -27 -24 -25 -63 -9999 -9999 41 31 21 23 46 47 36 12 10 12 28 30 22 7 0 -9 -22 -35 -55 -21 -21 -24 -26 -18 -9999 -10 -21 -16 -12 12 22 -0 -9 -20 0 -13 -31 -34 -28 -39 -26 -15 3 22 38 46 44 30 17 12 3 -2 0 4 5 6 6 16 18 8 4 0 1 4 -2 8 14 11 1 15 21 9 11 6 7 -2 -13 -1 -11 -20 -20 -37 -37 -14 -28 -13 2 -17 -43
-26 -38 -38 -29 -75 -9999 -9999 -9999 51 36 44 55 49 47 24 5 21 26 20 15 7 7 -26 -20 -36 -35 -20 -31 -9999 -24 -16 -6 -8 -14 3 -9 12 8 -5 -14 -5 3 -14 -36 -39 -41 -48 -31 -23 -6 11 31 41 46 30 13 4 6 5 3 4 2 7 11 19 22 16 11 8 8 3 6 10 12 12 7 13 18 -3 6 16 17 -6 -35 10 12 2 -23 -44 -55 -21 -35 -19 2 2 -37
-32 -36 -38 -32 -51 -66 -9999 -9999 45 39 37 40 53 41 23 20 30 29 17 24 15 12 -2 -14 -46 -32 -24 -38 -34 -20 -9999 -6 -10 -14 -21 -3 35 3 -9 -8 -8 -1 -21 -39 -38 -40 -35 -38 -21 -7 3 26 31 43 27 8 -6 -16 -2 -3 -1 6 18 21 24 23 25 19 13 19 14 17 7 12 11 5 22 9 -8 13 11 5 -10 -28 22 18 4 -31 -49 -38 -12 -26 -28 -2 1 -11
-16 -20 -26 -32 -42 -49 -8 8 26 36 38 45 43 24 30 41 30 31 23 26 17 7 -5 -14 -22 -21 -30 -28 -31 -17 -7 -6 -13 -14 -17 2 9 7 -2 -7 -1 4 -21 -40 -36 -41 -33 -28 -16 -3 8 17 20 17 14 -0 -19 -17 -12 -8 -4 8 16 23 16 26 34 29 20 17 21 21 12 8 10 19 16 1 11 11 9 11 -11 -27 -25 22 4 -34 -59 -13 -2 -16 -37 -24 -3 2
-11 -14 -29 -39 -47 -41 -21 2 2 14 38 50 43 24 40 34 38 31 31 31 24 18 3 -3 -17 -13 -22 -29 -27 -21 -11 -15 -14 -11 -18 -10 0 6 1 2 0 5 -14 -20 -29 -32 -35 -27 -18 -6 -3 -2 3 7 1 -8 -9 -10 -12 -20 -5 20 34 23 10 14 28 29 24 24 20 30 22 19 14 11 -2 9 1 -0 6 15 -9 -33 -21 16 2 -34 -56 -42 -25 -19 -31 -31 -5 0
-10 -24 -36 -43 -53 -38 -33 -1 -1 11 44 55 47 45 43 44 40 36 35 31 24 23 11 2 -9 -15 -20 -23 -20 -15 -10 -8 -13 -13 -20 -24 -10 -2 2 1 -9 -6 -5 -19 -19 -31 -34 -32 -31 -18 -16 -12 -12 -8 -19 -21 -20 -8 -4 -12 0 24 38 24 9 14 33 53 45 35 37 32 35 23 14 -6 -17 10 9 2 -0 16 -3 -6 4 15 -7 -29 -33 -20 -17 -38 -34 -23 -26 -33
-8 -28 -35 -31 -50 -37 -35 -28 4 11 44 51 41 34 43 43 43 31 29 25 20 26 15 6 0 -6 -20 -17 -13 -10 -12 -18 -13 -4 -16 -26 -15 -6 -3 -5 -9 -10 -4 -9 -14 -22 -28 -35 -34 -21 -13 -12 -23 -5 -6 -7 -13 -16 -11 -12 -1 9 26 24 14 10 39 49 37 28 32 41 40 28 20 1 -9 -10 11 2 7 9 -7 -12 0 -1 -1 -23 -21 -33 -19 -35 -24 -39 -45 -45
-1 -17 -19 -27 -30 -38 -39 -26 4 12 34 49 38 34 43 49 42 33 25 15 22 27 24 5 -8 -15 -18 -15 -14 -5 -4 -6 -2 -5 -11 -20 -14 -11 -5 -8 -8 -8 -7 -14 -19 -15 -20 -36 -29 -26 -15 -8 -11 -20 -20 -6 -1 -10 -9 -6 8 17 17 12 4 10 34 45 37 22 17 34 35 20 10 2 -0 -3 5 2 -6 -14 -8 -20 -15 -16 -9 -10 -35 -36 -23 -35 -29 -25 -27 -30
-0 1 -18 -14 -37 -34 -29 -22 -20 17 35 43 41 42 61 52 43 35 28 22 26 19 13 9 -9 -18 -8 1 -9 -8 -1 -0 8 -3 -4 -14 -20 -16 -18 -22 -16 -15 -19 -12 -20 -15 -15 -19 -17 -11 -4 -9 -23 -33 -12 -8 9 -2 -4 3 20 13 9 2 -4 -4 10 16 19 18 17 46 33 22 2 4 16 27 23 13 5 6 7 0 -10 -21 -20 -32 -35 -34 -13 -40 -44 -41 -21 -23
-5 6 -20 -32 -28 -22 -17 -33 -22 7 32 44 35 47 59 59 45 32 44 33 31 20 19 13 -1 -2 -10 -11 -6 -9 5 11 4 0 -13 -18 -21 -26 -28 -22 -21 -13 -8 -9 -7 -16 -16 -6 -10 -8 -7 -17 -17 -17 4 10 17 12 8 15 16 4 -5 -10 -29 -28 -20 -6 -9 -2 21 37 36 19 19 31 51 34 29 13 9 4 -2 -11 -12 -18 -23 -44 -53 -49 -32 -40 -43 -46 -31 -20
-18 -1 -10 -24 -24 11 8 -2 -11 8 35 41 34 51 56 55 44 45 43 36 26 19 12 5 -2 0 -13 -8 -7 -5 10 12 5 -1 -11 -20 -24 -25 -20 -14 -10 -11 6 -3 1 -13 2 5 -6 -10 -4 -6 5 13 13 21 23 21 14 3 13 7 -6 -21 -32 -42 -45 -27 -26 -24 -1 16 27 15 28 41 44 39 26 11 10 2 -11 -12 -17 -26 -32 -41 -47 -55 -41 -49 -46 -47 -39 -27
-51 -9 10 3 -15 13 -9999 -2 -7 10 34 52 64 66 56 53 51 51 49 31 21 18 8 -3 -8 -9 -9 -10 0 5 13 14 12 5 -4 -6 -17 -19 -26 -24 -8 -7 7 -8 -0 9 6 -4 -9 -9 -4 -4 4 10 11 24 27 31 22 18 7 4 -8 -25 -32 -39 -39 -50 -41 -38 -22 -6 13 29 35 40 34 34 33 32 16 -5 -11 -17 -36 -46 -41 -42 -44 -55 -61 -55 -50 -36 -35 -37
-21 -9999 -9999 6 -18 10 -6 5 10 11 34 38 54 60 55 54 60 63 47 40 24 24 9 -5 -11 -11 -8 -1 -0 12 13 13 9 4 12 -2 -7 -25 -21 -24 5 7 2 12 5 -3 6 6 4 -1 -14 -8 -3 5 9 8 19 34 35 14 8 -2 -16 -28 -32 -43 -40 -42 -48 -49 -38 -24 -10 13 27 36 34 42 44 43 30 7 -10 -9 -35 -39 -57 -54 -46 -56 -57 -54 -38 -30 -32 -34
-36 -3 -2 -1 -4 -6 14 -4 9 19 29 38 47 55 47 40 57 70 53 31 29 26 12 -9 -13 -15 -20 -5 -6 14 15 16 -1 -1 14 11 -3 -10 -10 -16 9 -3 -7 -6 -15 -12 -4 7 17 4 -4 -19 -6 11 11 4 11 23 25 13 -2 -9 -13 -25 -42 -49 -46 -37 -34 -37 -40 -18 -21 -15 1 13 36 31 40 43 32 8 -13 -18 -11 -25 -60 -60 -46 -39 -56 -52 -35 -22 -20 -32
-19 -21 -11 -18 -9999 -9999 17 -4 18 36 52 56 45 45 40 42 55 62 62 50 30 24 11 -7 -19 -16 -16 -11 1 12 14 17 1 3 15 6 -4 -4 -1 -4 2 -0 -0 5 10 -12 -11 29 12 6 -9 -18 -2 3 -0 -5 3 10 13 7 2 -10 -16 -24 -36 -41 -44 -41 -42 -43 -42 -41 -30 -22 -16 -15 5 8 22 33 34 18 -3 1 -11 -31 -62 -56 -36 -28 -41 -44 -31 -24 -30 -28
-5 -9999 -22 -29 -9999 -9999 16 17 22 50 62 50 30 38 47 46 42 60 59 46 37 21 5 -17 -29 -23 -20 -6 6 12 16 14 10 10 8 6 -1 2 7 3 -1 5 -1 -8 11 8 5 25 16 3 4 -12 -1 -9 -3 -1 1 11 15 11 1 -13 -14 -21 -25 -44 -48 -40 -40 -40 -47 -42 -35 -29 -26 -19 -8 9 19 24 12 7 -1 -14 -13 -34 -47 -45 -30 -26 -38 -43 -20 -23 -26 -17
-27 -9999 -14 -24 -7 19 16 33 37 57 48 39 24 37 40 41 40 41 45 44 41 21 -1 -12 -26 -23 -19 2 9 12 23 26 26 20 9 7 1 -3 -15 -15 -4 10 -18 -27 -25 11 12 2 -3 4 -1 2 -10 -15 -4 5 9 2 8 8 -2 -8 -15 -17 -30 -35 -34 -33 -40 -41 -42 -47 -41 -42 -36 -16 -5 -0 2 7 18 20 1 -6 -11 -35 -32 -38 -16 -9 -27 -40 -32 -24 -21 -21
-34 -9 -9999 -7 -7 6 24 41 59 50 41 33 19 23 25 34 36 36 40 50 36 7 4 -10 -25 -30 12 18 12 4 24 30 38 23 18 13 8 10 -19 -21 -13 -15 -23 -25 -3 13 14 -3 8 -8 -3 -15 -21 -29 -30 -18 -10 -6 -7 -11 -8 -4 1 -6 -17 -22 -24 -24 -30 -30 -46 -43 -46 -46 -43 -34 -11 -9 -19 0 21 19 19 1 -9999 -34 -26 -19 -9 -6 -11 -30 -31 -34 -23 -24
-14 -8 -2 0 -6 12 22 32 45 40 39 33 22 25 31 38 41 46 52 51 29 11 -1 -11 -28 -29 8 20 18 8 -8 28 37 24 19 7 1 -12 -14 -18 -10 -15 -10 2 22 31 4 25 14 3 -12 -25 -29 -38 -38 -32 -18 -12 -13 -16 -15 -3 5 0 -19 -29 -31 -24 -12 -31 -39 -39 -47 -47 -42 -31 -25 -15 -10 -8 -3 11 17 -8 -33 -9999 -11 -9 -8 -12 -5 -5 -20 -34 -26 -13
-16 -11 -9999 -5 -1 20 33 29 50 27 34 43 28 25 28 43 51 44 40 46 30 17 -11 -20 -35 -19 3 6 13 16 -2 13 37 22 11 -3 -7 -13 -10 -30 -15 -0 14 14 -11 12 25 29 10 -2 -8 -13 -23 -30 -31 -28 -16 -6 -7 -14 -18 -12 -1 -3 -27 -31 -30 -24 -26 -37 -51 -59 -51 -39 -38 -40 -37 -19 -12 -4 -3 10 23 12 -14 -22 -8 -4 -4 -15 -4 -9 -20 -31 -33 -21
-6 -8 -9 -4 13 8 27 43 33 32 36 54 46 31 28 50 53 60 48 29 28 -1 -11 -39 -39 12 10 10 8 10 5 40 47 32 9 4 -4 -19 -22 -25 -12 -12 -4 -12 -17 -16 9 4 4 -0 -8 -13 -17 -13 -18 -21 -11 -3 -4 -17 -20 -14 -10 -23 -30 -42 -32 -31 -25 -37 -41 -52 -47 -46 -45 -39 -47 -17 -5 3 -11 1 14 13 -2 -20 -9 8 3 -9 -7 -10 -21 -31 -32 -18
-2 -1 6 8 12 5 17 28 33 27 26 37 32 35 29 39 52 53 42 20 8 -12 -29 -48 -34 -14 19 12 16 23 34 44 34 20 6 -5 -17 -31 -27 -21 -10 -5 -15 -14 -8 -14 -0 11 3 -13 -17 -16 -18 -18 -14 -11 -7 -2 -6 -8 -16 -17 -21 -24 -27 -24 -19 -25 -26 -20 -32 -35 -39 -44 -49 -53 -35 -25 -5 -2 -5 -9 6 20 2 -4 5 28 9 8 7 -8 -27 -50 -33 -21
8 26 29 27 6 0 8 19 21 22 30 24 27 31 42 44 46 43 28 12 -2 -19 -39 -38 -25 9 11 15 30 43 38 42 31 18 3 -13 -34 -22 -20 -22 -1 -6 -11 -14 -14 -17 -5 12 -4 -14 -14 -17 -23 -21 -12 -3 -2 -9 -14 -16 -15 -17 -20 -24 -29 -22 -19 -21 -16 -11 -13 -29 -45 -55 -63 -60 -41 -22 -14 -8 -13 -17 4 15 14 8 25 41 31 23 17 -15 -56 -67 -47 -31
12 35 45 36 11 -3 1 8 15 22 32 40 37 40 42 43 43 33 18 5 -10 -28 -45 -30 -37 -12 12 17 47 46 37 31 25 14 -5 -20 -37 -32 -15 -22 -8 -7 -7 -10 -16 -22 -3 -2 -10 -21 -15 -18 -19 -12 -4 1 -1 -10 -20 -26 -19 -17 -24 -30 -29 -16 -11 -4 -2 -1 -4 -12 -36 -68 -78 -67 -42 -33 -28 -20 -16 -9 0 7 16 20 40 36 38 40 33 -18 -74 -78 -52 -31
11 33 43 29 3 -1 13 18 23 27 34 57 53 52 38 38 33 21 14 -2 -12 -44 -53 -36 -37 -11 20 20 43 44 33 30 19 8 -11 -28 -22 -15 1 7 2 2 -7 -6 -11 -13 -21 -18 -6 -16 -19 -14 -15 -11 -7 -0 -3 -5 -15 -21 -22 -28 -27 -26 -19 -10 3 8 11 2 -3 -17 -46 -73 -87 -66 -44 -34 -37 -28 -14 -3 2 4 11 37 52 50 40 39 27 -33 -81 -75 -53 -31
2 24 35 27 24 30 37 28 16 32 46 49 42 31 31 28 22 6 -5 4 -8 -30 -41 -37 -26 -4 15 32 48 44 36 25 14 -4 -26 -27 4 10 15 13 -2 -10 -10 -8 -13 -18 -19 -19 -11 -20 -25 -21 -16 -17 -9 -3 4 3 -5 -14 -26 -30 -31 -21 -7 -0 5 13 9 4 -12 -32 -60 -78 -80 -64 -41 -35 -32 -36 -16 2 3 4 14 39 54 57 46 44 6 -47 -65 -64 -50 -41
-15 10 25 40 46 49 53 40 31 42 32 18 21 13 23 25 14 3 -1 12 20 -8 -35 -35 -19 -2 16 30 43 42 32 27 2 -16 -42 -6 22 26 19 -2 -8 -12 -9 -12 -12 -17 -25 -20 -30 -29 -23 -17 -13 -9 -3 6 8 9 1 -17 -29 -36 -24 -11 -0 2 3 12 12 2 -14 -42 -62 -82 -84 -62 -48 -39 -43 -34 -16 -1 4 3 24 37 48 33 49 46 3 -43 -47 -43 -43 -38
-15 -2 19 39 51 46 43 52 55 43 12 1 6 22 26 26 31 11 7 7 7 -16 -24 -16 -14 -1 13 18 18 23 32 28 -3 -26 -23 -10 17 16 15 -1 -6 -9 -12 -16 -18 -22 -29 -25 -25 -27 -29 -21 -11 -1 6 10 7 3 -3 -19 -28 -30 -18 -2 3 5 5 9 11 1 -20 -36 -53 -69 -68 -64 -58 -56 -42 -25 -12 -5 -0 8 20 34 35 39 52 42 0 -43 -43 -34 -45 -36
