reca/docs/data/PA5_1997_2017_CHCAS2_S30kmFill_U.asc
ncols 813
nrows 670
xllcorner 112.925
yllcorner -43.575
cellsize 0.05
NODATA_value -9999.0
[rows 288 to 335 of 670, columns 288 to 383 of 813]
-1 -6 -1 -2 -3 -8 -12 -16 -12 -15 -19 -22 -26 -25 -22 -22 -19 -16 -18 -16 -17 -27 -17 -7 -8 -5 -4 -5 -10 -17 -11 -11 -9 -6 -4 -3 -18 -19 -12 -10 -6 -4 -5 -19 -22 -23 -3 -6 -4 -4 -12 -16 -16 -7 -17 -24 -28 -33 -38 -42 -31 -36 -10 -1 -21 -22 -23 -4 -13 -1 7 8 13 44 17 19 -1 -22 -21 -26 -18 -23 -29 -22 7 2 14 -3 -18 -1 -4 -21 -33 -28 -18 -16
1 2 3 9 7 5 -6 -2 -6 -11 -18 -19 -28 -34 -30 -21 -23 -29 -34 -26 -19 -26 -16 -12 -9 -5 -1 3 -1 -8 -6 -11 -11 -12 -8 -8 -15 -14 -2 -1 -2 5 4 -7 -15 -14 -7 -2 0 -4 -5 -7 -21 -19 -19 -21 -23 -22 -28 -27 -26 -29 -36 -36 -24 -18 -6 -1 8 24 16 -19 -29 6 -21 -31 -12 8 6 -6 -1 -4 -26 -22 15 22 8 2 -29 -12 -37 -38 -42 -41 -57 -61
6 8 16 18 13 9 3 -1 -4 -7 -12 -8 -13 -23 -41 -30 -30 -23 -22 -24 -15 -10 -6 -7 -6 -22 -26 -36 -12 5 -12 -19 -13 -9 -6 1 4 -7 -11 -24 -17 -20 -22 -19 -16 -7 -11 -2 -4 -14 -15 -6 5 1 -5 -9 -9 -5 -7 -11 -16 -21 -28 -40 -48 -48 -44 -32 -5 33 27 -8 -9 -14 -12 -6 -2 -1 22 23 19 -11 -11 -15 -13 -2 8 -5 -18 -16 -13 -14 -22 -21 -43 -49
7 8 17 9 -2 -4 -5 -3 -3 -5 -8 -15 -24 -23 -37 -27 -17 -18 -22 -15 -12 -13 -26 -20 -19 -29 -27 -32 -43 -4 -2 -3 0 2 -14 -35 -45 -36 -23 -22 -14 -22 -24 -17 -10 -2 1 -1 -2 -23 -15 -11 -17 -7 1 -3 1 2 7 -2 -4 -10 -15 -31 -44 -49 -48 -54 -47 -33 -22 -14 -4 2 2 4 10 8 5 34 6 5 3 5 -2 -9 -7 -6 -7 -10 -14 -14 -13 -11 -22 -25
7 9 14 -5 -4 0 1 2 3 2 -4 -12 -19 -21 -22 -30 -13 -19 -18 -26 -29 -32 -34 -22 -28 -28 -21 -17 -29 -16 -28 -34 -38 -37 -26 -30 -30 -20 -33 -36 -36 -20 -25 -16 -9 -27 -9 -25 -25 -24 9 6 5 9 -2 9 16 11 6 13 11 3 6 -6 -25 -37 -48 -43 -46 -39 -32 -27 -16 -6 13 13 16 9 6 2 8 6 4 13 15 13 11 12 8 4 3 -0 5 3 -5 -6
-9 -5 -4 -7 -7 -11 -15 -10 -14 3 -2 -7 -13 -23 -12 -2 -4 -9 -4 -9 -20 -14 -14 -14 -14 -10 -16 -12 -19 -22 -29 -29 -25 -10 -17 -18 -12 -11 -2 -9 -20 -18 -8 -15 -22 -40 -23 -36 -18 -27 -42 -15 -19 -16 -29 -2 -9 -1 -6 -5 -1 -1 -7 -11 -21 -27 -35 -40 -48 -45 -44 -46 -44 -30 -20 -9 -10 -7 -3 10 12 5 6 12 16 20 9 5 10 3 -0 -2 4 -1 8 8
-21 -14 -12 -13 -14 -5 2 1 -13 -20 -19 -9 -6 -5 2 8 2 1 -5 -14 -11 -20 -26 -21 4 6 -7 -14 -8 -10 -14 -10 -30 -27 -3 -4 -19 -20 -9 -11 -23 -23 -8 -13 -34 -31 -23 -37 -30 -46 -40 -16 6 -6 -34 -12 -28 -29 -9 -19 -19 -18 -17 -18 -23 -23 -28 -35 -36 -44 -55 -49 -52 -45 -37 -36 -31 -26 -14 -3 1 4 4 -1 -11 -6 -2 -9 -23 -19 -11 -17 -9 -14 -11 1
-23 -20 -16 -11 -12 -13 -13 -17 -15 -7 -4 -9 -12 -11 -7 5 4 -8 4 2 -7 -2 -5 10 11 -1 4 1 1 1 -3 -6 -16 -21 -15 -9 -8 -9 -14 -20 -13 -13 -14 -18 -38 -27 -29 -40 -48 -59 -48 -44 -19 -5 -18 -18 -28 -19 -12 -15 -12 -17 -6 -13 -9 -9 -13 -19 -24 -28 -42 -51 -39 -39 -38 -40 -38 -24 -14 -7 -3 5 2 -3 -5 -1 -12 -14 -15 -24 -9 -16 -13 -5 -10 -13
-26 -24 -19 -22 -16 -32 -32 -24 -22 -19 -18 -18 -19 -13 5 -0 12 -7 -21 -7 2 3 -44 -50 -70 -59 -23 5 1 -3 -13 10 -2 -9 -7 -7 -15 -18 0 -20 -26 -18 -24 -22 -19 -27 -29 -32 -38 -37 -29 -25 -12 -42 -43 -21 -36 -12 -2 -20 -15 -3 10 16 15 9 -1 -2 -3 -13 -21 -28 -34 -36 -42 -49 -47 -40 -37 -31 -22 -11 -12 -11 -11 -5 -0 -1 -8 -14 -22 -22 -22 -3 -6 -12
-24 -24 -31 -33 -28 -41 -37 -27 -23 -16 -15 -18 -18 -22 -18 -5 3 6 -2 7 -4 -5 -40 -56 -51 -57 -58 -57 -43 -40 -22 -20 -8 7 -7 -25 -27 -20 -26 -18 -26 -18 -24 -23 -5 -2 -7 -9 -12 -18 -10 -25 -33 -36 -23 -25 -31 -21 7 -5 -6 -0 1 19 34 38 27 18 18 11 3 -7 -12 -22 -30 -40 -40 -39 -40 -48 -44 -39 -28 -24 -13 -13 -13 -12 -11 -14 -11 -5 -3 -3 0 6
-38 -38 -41 -32 -33 -38 -29 -27 -19 -14 -14 -15 -17 -19 -31 -4 6 3 -30 9 0 -3 -46 -48 -50 -51 -47 -42 -39 -15 -15 -18 0 0 -43 -10 -8 -7 -13 -14 -8 -26 -29 -25 -25 -1 -11 11 -0 -9 -2 -11 -13 -7 3 -1 -13 -9 -16 -3 8 4 2 -2 -4 -6 16 15 8 -1 -10 -18 -23 -30 -40 -40 -44 -37 -45 -48 -46 -42 -36 -31 -19 -18 -11 -6 -1 -1 -2 -0 17 8 15 14
-38 -38 -38 -33 -40 -43 -19 -20 -15 -19 -25 -21 -29 -27 -31 -48 -52 -42 -46 -41 -44 -42 -30 -42 -46 -41 -37 -27 -23 -0 2 -9 6 -58 -56 -40 -38 -11 -2 -8 -23 -4 -4 -17 -27 -44 -27 3 9 -18 -9 6 6 5 6 -2 0 -5 -8 -7 1 -4 -3 -25 -23 -37 -6 -1 -33 -28 -19 -28 -38 -42 -44 -43 -45 -49 -44 -39 -29 -30 -25 -25 -21 -15 -6 -10 -3 1 9 13 13 8 7 4
-32 -29 -25 -28 -48 -51 -36 -20 -11 -9 -17 -27 -29 -31 -35 -35 -44 -29 -28 -37 -33 -43 -37 -40 -40 -46 -48 -55 -37 -52 -51 12 11 -38 -46 -45 -26 -4 -19 -8 8 -17 -14 -19 -11 -23 -27 -18 -5 -39 -24 15 11 16 7 15 7 2 -2 -3 -2 5 2 -21 -31 -22 2 -12 -27 -21 -8 -2 -10 -20 -23 -29 -37 -43 -39 -30 -23 -19 -20 -23 -25 -18 -6 2 5 15 16 21 20 8 11 25
-22 -30 -17 -30 -29 -27 -16 -14 -5 -6 -12 -26 -38 -40 -33 -27 -40 -38 -36 -37 -30 -17 -19 -20 -29 -47 -45 -40 -46 -59 -66 -45 -42 -25 -45 -28 -43 -26 -11 -55 -35 -46 -3 -19 -15 -20 -21 -40 -29 -25 -19 -0 -25 12 -4 15 3 1 2 4 5 10 9 -10 -27 -31 -33 -29 -9 4 -15 -2 7 -4 -7 -19 -24 -33 -35 -24 -18 -16 -14 -14 -12 -22 -22 -11 20 30 37 34 26 8 13 18
-66 -49 -45 -45 -33 -55 -41 -50 -17 -4 -9 -18 -24 -30 -28 -32 -33 -33 -31 -30 -35 -28 -17 -27 -46 -46 -36 -34 -38 -45 -46 -33 -41 -53 -47 -41 -57 -54 -50 -55 -50 -21 -41 -46 -58 -36 -12 -17 -27 -33 -46 -32 -5 11 3 -2 -0 10 -1 7 8 2 11 -12 -16 -17 -25 -18 -17 -19 -35 -24 -18 4 1 -1 -16 -21 -28 -15 -9 -8 -6 -7 -3 -5 -6 -9 -9 1 3 6 1 -4 1 1
-47 -52 -60 -63 -40 -47 -50 -61 -35 -16 -26 -16 -15 -30 -17 -25 -21 -24 -29 -36 -35 -47 -43 -51 -44 -32 -38 -28 -28 -34 -42 -29 -15 -20 -38 -37 -40 -44 -40 -40 -45 -41 -33 -40 -42 -36 -25 -8 -7 -19 -17 -18 -13 1 10 12 16 16 7 4 3 -5 4 -7 -12 -5 -11 -6 -9 -9 -17 -23 -17 5 4 -0 -11 -11 -29 -15 -0 -6 -8 -7 -3 -0 0 -3 -11 -6 -7 -10 -10 -5 -1 -2
-30 -38 -38 -34 -40 -42 -34 -33 -38 -33 -33 -38 -36 -24 -10 -8 -7 -5 -16 -25 -29 -32 -33 -39 -38 -34 -30 -34 -28 -29 -27 -24 1 -7 -31 -25 -24 -29 -32 -29 -35 -33 -40 -47 -51 -50 -61 -58 -46 -30 -6 -21 1 7 14 -10 24 -3 20 12 9 10 -3 8 -2 -10 -9 -4 4 -8 -20 -6 11 14 1 -4 -17 -23 -20 -15 -17 -14 -4 -3 -5 1 2 1 -7 -10 -6 -4 -6 -4 8 13
-21 -26 -20 -26 -26 -25 -23 -23 -28 -19 -18 -27 -32 -24 -6 2 -7 -20 -20 -18 -17 -20 -25 -30 -33 -33 -30 -28 -24 -14 -23 -22 -25 -22 -17 -14 -16 -16 -21 -17 -34 -24 -28 -31 -37 -44 -45 -47 -52 -41 -21 -17 8 -12 -8 -29 9 -28 17 23 17 17 -4 16 16 5 -1 -14 -23 -18 3 9 23 10 5 -2 -8 -18 -11 1 -4 -7 -7 -12 -9 -3 -2 5 2 -8 -15 -14 -9 -5 -3 6
-11 -5 1 -2 1 0 -4 -8 -19 -18 -20 -22 -24 -29 -13 0 -14 -11 -20 -11 -14 -13 -15 -21 -27 -28 -24 -26 -21 -10 -20 -12 0 1 6 -17 -26 -13 -16 -14 -25 -29 -25 -23 -23 -28 -27 -28 -31 -30 -25 -12 -18 -29 -28 -17 -20 -1 -12 6 10 16 18 15 24 23 16 6 3 11 9 14 18 17 16 13 14 -5 -1 13 6 4 1 0 -2 4 3 4 -13 -19 -13 -12 -10 -2 -2 2
5 10 11 16 21 25 24 20 -1 -17 -12 -15 -15 -17 -15 -13 -16 -6 -10 0 5 3 -16 -6 -3 -6 -13 -17 -22 -14 -3 -13 -5 -2 10 -18 -22 -8 -10 -8 -8 -23 -20 -3 -1 1 -13 -24 -27 -19 -23 -19 -14 -0 -9 -17 -22 4 7 1 16 19 19 5 14 38 38 24 26 25 17 25 14 15 20 19 19 12 18 25 22 7 -5 -3 -10 -30 -38 -34 -41 -49 -37 -47 -28 -5 -10 -8
7 15 15 16 20 28 28 22 11 4 0 -12 -14 -13 -12 -9 -5 -1 -3 -6 0 4 0 -10 -1 -4 -9 -12 -11 -1 -1 -16 -10 -18 -23 -27 -32 -17 -14 -24 -16 -20 -11 -3 3 -13 -32 -13 -7 -10 -28 -19 -4 -10 -13 -11 -25 -26 -8 -21 8 16 8 6 3 -6 20 30 25 26 33 33 34 37 30 22 7 -3 14 15 8 -18 -17 -17 -23 -30 -34 -36 -32 -27 -34 2 -16 -8 -4 -5
2 3 21 19 17 17 10 27 30 28 12 4 -5 -9 -14 -12 -9 6 10 12 10 5 8 -2 -3 -2 -8 -17 -14 -17 -16 -8 -10 -12 -18 -27 -33 -32 -19 -28 -19 -19 -14 -15 -0 -14 -6 -5 -0 -5 -9 -29 -31 -18 -10 2 -16 -20 -11 -12 -10 -9 -4 -7 2 -6 15 42 42 26 13 25 32 18 15 19 11 -1 7 2 -8 -8 -7 -8 -15 -20 -24 -23 -23 -23 -41 -46 -51 -20 -0 12
2 6 17 24 38 30 22 28 33 35 27 21 13 8 3 -3 -3 -3 -6 -4 19 24 19 8 -1 -7 -7 -7 -9 -6 -1 1 -5 -19 -26 -21 -27 -27 -30 -21 -7 -11 6 15 -6 11 2 -19 -9 -13 -18 -16 -29 -31 -31 3 -11 -19 -9 1 -22 1 2 -22 -8 1 6 -11 27 35 2 13 -9 -34 -25 -8 2 -19 -8 22 15 3 -3 -5 -13 -15 -16 -19 -10 1 -13 -16 -16 -19 -25 -17
0 4 4 13 26 35 34 40 46 48 45 42 29 25 13 10 3 -16 4 11 -12 -1 -1 24 10 7 1 3 6 -8 -12 1 -5 -7 -16 -12 -12 -5 -7 6 13 3 10 14 5 6 -10 -11 -12 -14 -22 -20 -25 -30 -32 -36 -31 -18 -5 -31 -26 -25 -14 -15 -12 -7 8 -30 -20 18 -43 -54 -8 5 -2 12 9 8 11 13 9 14 15 14 9 2 5 -4 -4 6 9 3 -2 -6 -9 -17
8 4 -6 -9 -4 27 49 58 70 61 54 40 28 29 30 20 21 0 -10 0 -12 -19 -15 13 11 5 5 -1 8 -6 -16 -2 -15 -20 -6 -4 -9 -5 0 5 10 7 11 13 13 13 9 7 7 1 -4 -9 -16 -15 -19 -23 -28 -22 -22 -33 -14 -27 -14 -16 -16 -9 -15 -8 -26 -41 -30 -48 -43 -42 -39 -21 -23 1 4 24 29 31 35 43 32 14 13 13 17 15 20 -2 -18 -13 2 7
14 10 2 1 9 27 48 70 49 58 52 38 17 16 30 29 18 3 -3 -5 -15 -12 5 -0 -9 -7 6 -1 3 -12 -6 0 4 -16 -3 -2 3 5 7 17 21 26 32 37 40 36 31 27 25 12 8 4 -5 -3 -6 -8 -11 -16 -20 -21 -4 0 -10 -13 -7 -16 -19 -2 -7 -20 -20 -13 -12 -15 -14 -25 -11 -25 4 22 13 28 15 18 -11 -5 -3 0 31 15 4 -12 -17 -4 12 11
16 4 8 5 5 6 6 10 14 15 30 47 38 22 21 32 31 13 14 13 7 -5 13 15 -6 1 12 17 18 26 14 5 10 17 23 21 23 30 32 44 44 50 51 43 39 43 39 32 25 25 24 20 21 23 23 22 22 7 2 -4 7 -27 -19 -16 -9 -2 -10 -24 -26 10 9 -26 -27 -34 14 -12 -10 -3 5 15 -17 -2 -2 -22 -28 -34 -19 -18 15 -8 -32 -40 -37 -9 9 10
16 -4 7 3 -12 -16 -19 -11 -4 -4 21 34 39 38 36 40 34 21 20 24 22 21 -6 8 20 20 20 29 32 23 30 17 11 28 34 42 50 42 36 59 62 69 33 5 3 34 37 27 21 25 35 37 40 46 34 44 36 38 26 13 -1 -26 -29 -14 -5 4 -8 -14 -29 2 18 -17 5 -18 -7 3 11 20 13 -14 -29 -28 -6 -41 -25 -21 -3 -4 15 -12 -25 -20 -18 -0 9 24
-1 -1 -3 5 -6 -18 -26 -31 -32 -18 -5 13 29 31 32 39 39 35 31 28 7 -0 5 8 19 28 34 42 34 46 40 34 34 42 43 33 36 30 32 21 20 31 4 5 32 26 33 47 23 20 27 12 10 14 25 48 45 48 41 32 16 -2 -22 -39 -42 -29 -20 -9 -10 -25 -19 9 5 17 6 -7 26 18 19 -2 -7 -20 -12 -17 -12 -16 -12 -2 6 4 12 9 6 14 21 32
4 9 2 -1 3 -9 -21 -29 -30 -29 -31 -21 3 23 42 51 58 55 44 35 22 7 22 21 31 49 55 60 66 74 80 72 68 69 66 63 55 54 47 32 26 21 18 14 18 -2 6 34 35 35 11 9 -2 1 -4 35 32 31 15 37 24 9 -5 -21 -36 -35 -39 26 23 -19 8 39 4 25 -36 -29 13 44 36 33 25 0 -13 11 23 10 -31 -18 -20 -15 18 12 30 40 44 47
11 10 7 4 -4 -8 -17 -21 -14 -21 -28 -21 0 27 29 18 16 20 6 2 5 2 4 23 0 3 8 57 55 52 84 95 81 84 89 92 84 78 69 49 28 11 6 4 24 17 17 6 -3 16 22 13 19 15 -6 -23 -29 -9 3 15 11 -5 -5 -18 -33 -38 -28 -32 14 18 16 22 41 26 -39 -43 27 53 61 49 33 28 15 5 15 42 -22 -12 -13 14 40 43 48 63 64 22
13 11 6 1 -5 -9 -14 -21 -13 -7 -5 4 25 33 29 20 11 5 5 3 -1 2 5 19 20 22 31 47 21 19 36 45 67 76 53 54 31 30 39 49 43 33 33 17 9 -4 2 8 14 10 -1 -9 10 -6 -18 -14 -25 -20 -25 -28 15 11 -1 -14 -21 -27 -29 -30 -28 -36 -27 -18 15 -42 -27 -43 18 49 51 36 25 57 41 38 -6 -5 -52 -29 6 30 33 61 50 52 11 2
15 16 15 9 5 -2 -6 -11 -9 -1 4 10 18 30 32 33 30 26 13 4 -3 -2 6 23 27 36 50 57 29 21 20 34 36 26 30 25 13 7 7 9 8 17 9 6 16 14 8 5 4 2 13 16 8 4 4 5 -7 -14 -22 -23 -24 0 10 -3 -4 -24 -27 -22 -17 -10 7 18 4 -26 -31 -34 16 53 35 37 -9 -6 26 55 33 -2 -19 -16 10 -13 26 68 73 48 -55 10
19 22 18 15 14 10 5 -1 2 6 4 0 -6 -0 11 15 18 21 18 15 13 12 19 27 23 26 26 38 41 27 27 33 32 30 21 17 5 -3 -7 0 -1 9 5 -6 -6 -10 -7 4 13 10 -5 -22 -28 -23 -29 -29 -34 -5 2 -18 -22 -11 6 -11 -9 -26 -4 3 6 14 -22 -38 15 -17 -36 -32 -11 -43 -20 21 17 18 23 41 46 25 -9 -19 -32 -34 52 22 53 46 -50 -40
15 24 24 20 18 21 19 14 16 12 7 -1 -1 -5 -6 -2 -2 5 14 14 13 21 22 15 4 -7 3 22 21 12 15 18 18 16 14 18 14 14 5 -3 -3 -27 -39 -23 -38 -30 -17 -12 -17 -10 -16 -17 -24 -24 -28 -23 -35 -43 -42 -41 -41 -7 -7 -20 -22 -25 -17 -18 -17 -18 -26 -39 -40 -39 -34 -38 -44 -52 -52 -47 -42 -59 -61 -58 -18 27 14 2 -21 6 29 -75 1 -21 -39 -30
13 13 26 15 14 16 15 13 8 14 7 -1 -6 -9 -12 -32 -38 -36 -21 -9 3 6 3 -5 -11 -27 -38 -26 -8 -9 -10 -16 -5 -7 -4 -7 -1 -5 -1 -25 -41 -40 -52 -44 -51 -44 -23 -29 -25 -17 -15 -11 -16 -31 -37 -40 -36 -44 -44 -27 -17 -16 -9 -15 -18 -23 -1 -0 -8 -12 -29 -35 -34 -16 -29 -43 -28 -15 -18 -15 -20 -20 -22 -25 -42 -49 31 26 9 9 -40 -48 -32 -33 -12 -10
7 10 18 17 5 8 3 1 -1 -2 -8 -18 -19 -25 -26 -29 -27 -26 -17 -9 -11 0 -13 -16 -23 -33 -47 -54 -38 -21 -51 -33 -29 -40 -27 -35 -48 -47 -32 -22 -37 -39 -41 -32 -43 -49 -49 -34 -26 -8 -0 -11 -8 -20 -4 -37 -49 -53 -60 -49 -51 -50 -32 -19 -40 -43 -36 -24 -5 6 -3 -15 -14 -28 -33 -43 -37 -48 -55 -48 -29 -7 -18 0 -11 -27 -26 -36 -37 -26 -22 -9 -5 9 21 12
6 13 19 16 9 11 9 5 -1 -2 -9 -11 -10 -16 -19 -16 -24 -21 -17 -22 -22 -13 -13 -27 -31 -42 -55 -58 -72 -79 -71 -35 -40 -74 -89 -94 -80 -78 -62 -63 -44 -43 -43 -45 -46 -44 -47 -36 -27 -30 -24 -16 -3 -23 -29 -28 -31 -44 -44 -40 -40 -37 -35 -28 -33 -30 -34 -32 -12 -18 -17 -23 -8 -27 -26 -36 -25 -23 -24 -24 -50 -41 -31 -18 -1 -3 -1 -12 -14 -12 0 6 2 -14 -28 4
18 18 22 13 14 12 13 12 7 -1 -2 -1 -6 -8 -10 -12 -16 -20 -20 -18 -18 -19 -25 -45 -42 -50 -57 -65 -75 -78 -85 -77 -67 -98 -95 -83 -66 -67 -58 -59 -56 -54 -51 -48 -44 -38 -34 -34 -24 -19 -19 -16 -16 -16 -20 -26 -16 -25 -27 -26 -20 -21 -6 -20 -23 -21 -26 -29 -31 -14 -15 -27 -8 -18 -15 -25 -37 -38 -32 -27 -33 -28 -30 -37 -29 -27 -13 -31 11 4 14 15 -6 -32 -27 -16
18 6 7 2 5 10 16 15 10 9 10 8 8 7 1 -3 -9 -11 -15 -11 -8 -18 -30 -41 -48 -51 -61 -66 -77 -78 -72 -76 -81 -84 -78 -74 -72 -65 -48 -42 -40 -34 -38 -38 -32 -29 -28 -30 -20 -16 -10 -8 -10 -8 -9 -16 -14 -10 -11 -8 -8 -7 -7 -12 -15 -10 -17 -22 -26 -29 -21 -12 -27 2 -10 -23 -23 -32 -36 -34 -22 -18 -23 -23 -40 -33 -41 -46 -20 -30 -31 -43 -30 -6 -42 -24
1 -4 7 6 8 12 16 13 11 13 17 14 12 11 4 -6 -11 -15 -22 -23 -22 -23 -28 -35 -40 -43 -59 -56 -61 -60 -49 -64 -73 -71 -62 -64 -61 -50 -41 -25 -23 -20 -23 -22 -18 -20 -23 -19 -20 -12 -13 -4 -0 -5 -5 -5 -8 -7 -8 4 3 4 3 2 2 -9 -9 -16 -12 -24 -25 -14 -16 -1 -0 -11 -28 -32 -35 -36 -31 -25 -51 -55 -66 -53 -41 -53 -53 -61 -49 -62 -50 -50 -65 -49
5 0 7 7 9 13 14 13 13 13 17 14 4 3 -1 -9 -11 -12 -16 -19 -22 -20 -25 -30 -35 -43 -53 -43 -45 -41 -42 -54 -58 -54 -48 -44 -45 -37 -30 -21 -20 -18 -15 -12 -12 -10 -15 -17 -18 -16 -7 1 6 5 3 5 5 2 -3 1 -4 -8 15 14 7 2 -3 -1 -6 -8 -20 -15 -23 -15 -2 -12 -20 -23 -24 -34 -29 -39 -42 -46 -46 -52 -53 -53 -57 -68 -61 -69 -66 -69 -58 -66
3 2 6 8 14 18 13 11 17 19 18 13 7 1 -5 -7 -11 -13 -21 -16 -20 -19 -25 -33 -31 -35 -43 -49 -41 -33 -39 -43 -42 -36 -31 -26 -20 -16 -16 -17 -14 -18 -8 -8 -7 -6 -4 -6 -7 -9 -3 5 11 13 16 11 10 13 7 7 7 2 -2 13 -2 16 3 -8 -2 -7 -9 -16 -22 -23 -7 -4 -4 -19 -23 -25 -25 -31 -26 -29 -30 -40 -44 -43 -47 -46 -48 -45 -49 -50 -48 -60
7 6 5 1 -9 7 8 14 12 13 9 8 4 -6 -14 -21 -23 -20 -19 -21 -11 -18 -24 -27 -32 -33 -38 -41 -33 -34 -44 -37 -29 -21 -20 -21 -20 -40 -19 -12 -11 -14 -9 -19 -7 -10 -6 -2 -1 3 9 10 16 21 26 23 17 22 17 5 15 12 8 -1 4 2 11 -1 -2 -5 -5 -12 -11 -13 -13 -3 -11 -19 -19 -17 -17 -14 -17 -15 -18 -24 -25 -27 -32 -32 -37 -35 -26 -34 -41 -41
-4 -0 4 -2 -4 2 0 4 4 -2 -6 -8 -10 -10 -14 -18 -24 -24 -17 -24 -31 -27 -14 -22 -31 -34 -34 -33 -31 -35 -41 -25 -15 -17 -30 -28 -35 -28 -25 -23 -21 -23 -17 -16 -12 -8 -5 2 7 13 15 15 19 24 29 25 16 20 21 13 10 9 11 9 15 13 14 10 -1 -7 -2 1 -7 -20 -22 -14 -18 -14 -13 -14 -12 -10 -5 -4 -8 -9 -12 -11 -18 -14 -19 -22 -13 -22 -27 -28
-25 -19 5 6 1 -2 -4 -13 -11 -18 -19 -24 -21 -17 -16 -13 -19 -23 -15 -13 -28 -24 -10 -19 -28 -32 -28 -28 -32 -29 -22 -19 -26 -26 -32 -37 -33 -28 -26 -35 -41 -37 -38 -21 -13 -5 -4 0 -1 -0 14 17 21 28 28 25 25 17 21 17 15 13 18 8 -2 -7 -1 1 0 -3 -5 -18 -16 -19 -17 -10 -11 -11 -9 -8 -5 -7 -4 4 2 2 -1 -1 -6 -3 -5 -12 -12 -16 -17 -17
-36 -43 -29 0 5 -3 -9 -12 -17 -19 -21 -20 -22 -26 -24 -27 -41 -46 -42 -25 -16 -13 -19 -31 -26 -22 -14 -14 -28 -13 -14 -36 -43 -31 -45 -37 -28 -32 -27 -31 -33 -32 -34 -26 -16 -9 -8 2 3 9 13 15 18 20 23 24 18 14 14 15 14 14 13 5 1 -7 -10 2 1 4 -4 -11 -16 -11 -6 -5 -2 1 -14 -19 -12 -6 -4 -2 2 2 -4 -1 -3 -3 -6 -8 -8 -7 -9 -10
-47 -40 -40 -28 -5 -5 -4 -7 -11 -16 -15 -20 -25 -22 -19 -28 -30 -30 -32 -33 -12 -10 -22 -32 -22 -21 -20 -9 -28 -17 -29 -30 -23 -28 -31 -26 -23 -25 -27 -23 -22 -22 -23 -17 -8 -8 -1 5 11 16 8 3 14 22 14 14 18 18 18 16 20 24 22 10 10 11 10 9 12 13 7 1 -4 -10 -11 -11 -9 -7 -13 -10 -6 -2 -10 -3 -1 6 -6 -5 1 1 -3 -5 -4 1 0 -1
