reca/docs/data/PA5_1997_2017_CHCAS2_S30kmFill_V.asc
ncols 813
nrows 670
xllcorner 112.925
yllcorner -43.575
cellsize 0.05
NODATA_value -9999.0
[rows 265 to 317 of 670, columns 576 to 671 of 813]
42 46 44 29 16 6 -2 -13 3 26 32 27 12 0 -2 -13 -17 -7 -2 0 -2 9 35 35 19 1 -6 -8 -1 -6 -5 -9 -9 -1 -17 -9 1 -6 -2 -17 -28 -34 -11 9 -8 -5 -9 0 3 -9 -8 25 16 5 2 -14 -25 -36 -7 17 31 34 37 27 10 -3 -9 -16 -16 -22 -33 -37 -36 -22 -16 -30 8 59 54 34 9 -3 -19 3 -8 4 14 10 16 29 17 -17 -20 -18 -19 -36
43 39 35 24 16 7 2 18 2 21 23 21 9 3 -5 -14 -20 -9 2 7 8 20 17 36 26 5 -7 -7 -5 -7 -2 -4 15 8 -7 -5 -9 -2 -4 -10 -34 -46 -15 24 14 2 -3 7 -2 2 14 18 17 11 1 -10 -22 -17 15 14 20 32 35 27 9 5 -9 -20 -25 -27 -34 -21 -26 -30 -23 -25 3 61 50 38 19 -1 -10 7 -5 7 17 23 31 30 14 0 -15 -15 -18 -44
21 41 36 23 13 13 4 8 -7 5 9 15 5 3 -4 -19 -23 6 11 15 15 3 -26 36 26 14 -5 -5 -13 -11 -2 12 17 12 8 7 -5 -2 -14 -20 -35 25 31 14 13 3 -8 9 6 6 11 13 14 11 -0 -9 -18 -15 19 32 38 33 30 29 13 4 -10 -19 -33 -36 -32 -8 -19 -31 -31 -38 3 57 47 34 25 7 -13 2 -5 -7 17 22 40 28 9 1 9 -18 -32 -42
24 24 27 15 4 3 1 -0 -1 -1 -1 0 4 0 -7 -19 -15 13 16 14 13 5 -1 27 23 17 -1 -14 -13 6 9 19 26 16 2 15 -2 -12 -24 -28 -12 13 21 23 16 9 -7 0 2 -0 5 9 8 6 -1 -5 -8 -17 9 35 37 35 27 24 17 3 -8 -29 -40 -34 -21 -14 -16 -19 -29 -30 44 44 37 31 21 9 6 6 -2 -0 0 11 38 29 24 16 5 -10 -12 -17
25 32 24 11 -3 -19 -19 -11 -6 -2 -7 -2 -4 -1 -6 -13 -12 28 11 16 3 -2 2 18 12 11 2 -10 -8 2 8 17 22 17 2 10 -3 -17 -6 1 24 21 17 22 22 6 1 -4 -0 -1 7 8 12 8 5 2 2 -1 11 25 45 40 28 23 14 -1 -16 -30 -32 -20 -16 -1 -3 -16 -23 -11 36 50 34 26 25 26 26 10 2 -1 6 1 11 19 22 18 0 -8 -17 -30
25 24 20 14 1 -10 -8 -10 -10 -0 -6 -4 -2 5 -7 -16 -12 20 25 15 3 -21 10 7 10 8 -3 -3 -5 -1 6 7 16 8 4 -0 -4 -34 -32 23 23 10 28 22 13 3 -5 -17 -20 16 21 6 11 11 10 9 13 21 20 32 41 37 30 24 12 -2 -17 -29 -38 -3 24 9 -14 -25 -20 -18 -2 2 36 13 17 25 19 15 2 -4 1 -0 2 20 24 20 12 -6 -16 -27
4 5 6 6 7 -2 -3 -4 -5 8 6 8 5 -1 -9 -10 2 26 23 13 -10 -31 -6 10 11 9 5 1 2 4 5 10 10 7 -5 -9 -17 -36 -2 15 2 37 22 17 1 -4 -11 -27 -23 3 22 11 13 20 21 18 27 31 25 26 33 37 27 17 5 -6 -19 -44 -38 27 11 9 -3 2 2 4 -3 -14 -8 -3 -1 33 21 19 2 -10 -6 -1 -8 5 17 26 18 -1 -9 -17
3 14 12 7 -1 -7 -5 -1 7 3 7 10 1 -6 -14 -3 12 30 24 14 -3 -35 -32 -17 -18 -3 -2 -8 -0 4 9 4 5 4 -12 -22 -31 9 28 6 18 30 5 17 -2 -6 -9 -14 -1 -7 -2 12 25 31 21 26 25 27 17 22 35 38 30 18 10 -1 -19 -39 -35 13 -9 -2 -19 9 16 -6 -15 6 16 32 10 17 23 19 7 -16 12 1 -6 -3 9 27 12 -14 -10 -7
15 14 11 8 -3 3 -2 -0 5 8 14 11 4 -5 -7 -1 8 19 20 16 -6 -11 -26 -26 -16 -11 -7 -10 1 6 10 4 4 0 -20 -17 -4 35 23 18 28 14 -8 -10 -18 -6 -1 -0 1 14 -2 10 26 17 12 12 24 31 29 24 34 31 22 15 -3 7 -8 -30 -13 11 -15 -18 -22 -13 1 -17 -3 -23 -7 38 27 16 24 32 18 -6 6 -5 -4 -16 -1 25 35 -6 -14 -5
19 15 10 -0 -6 -4 -7 -9 -3 9 15 14 10 8 9 -1 14 26 20 5 -11 -18 -18 -7 -11 -5 -3 -2 3 11 12 3 -7 -16 -23 5 29 35 30 19 12 3 -3 -12 -10 8 14 -1 -8 6 10 11 16 18 14 15 20 35 39 23 21 21 18 7 -16 -16 -8 -19 1 19 8 -8 -7 -3 -5 -8 -24 -24 -26 33 36 -1 15 18 9 -10 -14 -12 -19 -26 -10 15 39 12 -19 -7
18 11 3 -5 6 -2 -4 -8 3 21 30 30 18 10 7 5 5 17 14 0 -8 -5 -8 -12 -17 -7 -10 -6 -8 4 4 -4 -25 -16 7 34 35 28 22 11 9 7 10 -6 -13 2 -5 -0 -18 -22 9 9 14 12 29 20 25 33 36 21 17 17 4 -2 -15 -26 -24 -22 -6 -12 -25 -22 -25 17 26 24 5 -16 -27 -6 35 3 -6 0 3 -8 -13 -6 -7 -27 -9 6 22 24 -6 -18
11 8 -1 1 -1 -0 2 2 3 20 34 29 17 15 10 5 3 8 4 4 -0 -15 -28 -35 -27 -23 -25 -12 -8 3 -0 -13 -29 -5 18 29 28 21 18 12 3 19 20 11 7 -4 -7 -1 -4 -11 2 1 9 18 26 24 23 26 38 31 18 8 -0 2 -18 -29 -15 -9 -3 -6 -16 -33 -29 -6 37 35 8 -18 -27 5 36 4 -8 -6 8 7 -4 -22 -11 -3 -8 -16 14 25 -10 -23
7 7 7 2 -5 -0 4 1 6 19 34 36 21 24 15 4 -5 2 -4 4 1 -25 -35 -38 -3 -19 -18 -4 0 3 -10 -17 -11 -11 21 25 22 19 8 -1 13 2 11 20 11 -4 -29 -9 -0 -18 -8 3 15 23 23 21 23 23 35 12 4 3 6 -5 -24 -10 4 -5 10 3 -4 -14 -24 -25 16 27 17 -9 7 6 3 0 -14 -2 3 -7 -2 -2 -7 -11 -20 -22 -0 27 -2 -28
4 14 16 2 -4 0 2 6 4 11 25 38 22 20 8 -7 -10 -19 -10 -2 -3 -17 -16 -8 -8 -5 -4 2 7 7 -28 -6 16 26 30 22 17 10 9 -7 -7 1 28 23 7 4 4 -0 -3 -23 -7 -2 7 24 30 23 15 23 15 14 3 -5 -4 -9 4 3 14 -19 -7 4 1 -14 -19 -25 -13 23 6 12 17 18 13 7 -6 5 0 -12 -10 -3 -5 -18 -17 -25 3 21 8 -22
-0 15 23 6 -4 -1 7 8 13 14 18 22 18 17 0 -10 -4 -6 1 -1 -3 -25 -11 -10 -7 -24 -12 2 17 2 -30 18 35 23 29 26 23 17 24 11 12 5 5 -3 6 9 5 -2 -4 -20 -4 -2 10 10 32 23 21 20 16 7 26 -5 -18 -20 -11 -5 4 -5 -13 -1 -1 -18 -24 -21 2 -1 -12 -12 -10 22 29 16 17 20 9 -9 -11 -4 -3 -13 -16 -29 -8 9 5 -4
1 20 26 16 4 4 8 16 17 19 16 19 18 9 -5 -12 -4 -1 -1 -4 -19 -19 5 -7 -1 -18 -3 11 4 -4 -31 -12 41 12 23 21 20 12 13 8 12 5 5 -6 6 12 7 2 -1 -10 -5 11 7 2 31 24 15 12 6 5 1 -1 -11 -26 -17 -17 -17 -10 -6 -3 -8 -19 -26 -24 2 -3 -19 -0 5 15 32 26 28 14 5 8 -8 15 -5 -23 -25 -25 -30 -25 0 -7
-1 21 24 19 14 9 9 12 13 10 2 8 18 1 -12 -13 -9 6 3 3 -2 4 13 10 -12 -26 -20 2 6 -17 -32 -23 43 23 18 15 11 8 11 16 18 15 7 7 19 9 4 -3 -9 -8 -3 -6 -6 -10 23 18 5 -3 -2 17 12 11 -3 -11 -7 -9 -27 -26 -7 5 -8 -27 -28 -11 2 -8 -11 -14 15 14 15 20 33 18 5 15 21 -6 -3 -16 -33 -28 -26 -36 -35 -1
9 24 19 7 9 14 16 10 9 11 5 13 8 0 0 -5 2 6 14 3 7 15 16 10 -2 -19 -4 -1 2 -9 -37 4 39 25 18 17 13 3 5 10 2 10 18 8 9 2 4 -3 -7 -3 -8 -13 -13 -5 5 -5 -6 -10 -1 15 13 12 1 -0 -5 -8 -17 -21 -13 -5 -10 -25 -30 -24 -16 -13 -16 -22 -8 8 -2 2 34 37 14 4 29 13 -12 2 2 -20 -34 -36 -41 -21
2 18 12 8 14 13 13 12 23 17 14 8 -5 -3 -4 -9 2 15 17 17 22 16 24 18 18 -8 -13 -17 -18 -23 -17 55 32 14 24 17 12 3 13 7 -5 18 20 10 9 3 -4 -8 -4 -2 -1 -16 -13 -13 -14 -8 -12 -9 -10 -4 18 17 11 0 -5 -6 6 -8 -30 -30 -24 -19 -24 -28 -12 -15 -17 -19 -24 -24 -13 3 45 39 28 14 28 35 11 -1 -8 2 -28 -53 -44 -21
-3 9 8 7 10 13 15 0 9 20 11 -3 -6 -9 -12 -7 0 6 25 26 24 21 15 7 12 7 -6 -10 -14 -32 -41 36 21 14 25 21 10 3 12 2 -2 13 15 -1 20 14 -7 -10 -2 -10 -17 -14 -7 -15 -18 -12 -22 -13 -12 -7 5 17 22 13 -3 -4 8 2 -17 -21 -13 -20 -23 -39 -29 -24 -32 -30 -16 -19 -5 -9 17 47 27 15 50 31 3 4 -0 -7 -0 -40 -40 -33
-5 -4 6 5 8 9 2 6 29 22 4 -1 -11 -10 6 3 1 9 22 26 11 10 10 14 15 15 10 2 -6 -23 27 3 -21 -14 4 19 8 7 3 6 12 21 6 -3 13 9 4 0 -11 -12 7 -1 -15 -20 -28 -27 -27 -11 -11 -5 5 18 29 22 11 3 7 14 7 -5 -16 -25 -16 -25 -20 -21 -10 -19 -22 -18 -3 -4 6 16 26 19 32 33 15 16 5 -9 -1 -11 -25 -25
-8 -11 0 6 1 4 -2 23 25 14 7 -4 -18 1 -1 -9 -2 11 4 12 18 6 14 20 13 10 13 8 -4 -8 19 -12 -9 -31 -21 12 -0 1 9 18 12 21 2 -6 9 20 11 -6 -22 6 9 3 -11 -28 -32 -30 -25 -25 -7 1 4 16 28 15 4 1 6 16 8 -5 -11 -15 -13 -7 -3 -15 -3 -22 -27 -25 -8 -2 -0 7 19 23 35 51 40 36 20 -4 12 5 -14 -24
-2 -4 -6 3 -7 1 4 5 6 -0 -0 -11 -18 -6 -12 -1 -4 5 5 7 13 21 20 5 13 15 15 8 -1 -2 -4 -9 7 -15 -21 8 0 -7 5 27 20 21 13 4 11 13 6 -2 11 -1 0 -7 -23 -27 -37 -36 -31 -24 -17 -8 10 21 25 11 8 -0 6 18 2 -6 -5 -10 -4 2 -5 -9 -1 -12 -23 -17 -17 -14 -5 -2 15 29 54 43 42 37 29 2 4 17 -2 -12
1 -2 3 -6 -7 -3 -10 -11 -7 -8 -5 -15 3 -4 -5 -1 7 6 6 10 19 23 16 7 10 23 16 4 -3 7 -15 -19 9 -10 -19 -2 -1 -4 6 27 24 12 11 7 -1 2 13 0 5 -3 -16 -3 -13 -16 -31 -38 -30 -37 -23 -11 10 17 16 10 3 19 25 15 6 -4 1 -1 -0 -1 1 -9 -14 1 -3 -6 -11 -8 -3 1 25 34 32 35 47 39 32 26 14 7 0 -14
-9 -8 -16 -16 -11 -4 -13 -16 -16 -11 -15 -14 11 -9 -8 0 2 8 13 11 22 28 19 20 35 32 19 -3 -10 -6 -11 -14 3 8 -4 -1 -11 -11 5 21 4 11 6 9 -8 -14 14 -11 8 -1 -7 3 -14 -13 -24 -30 -48 -47 -44 -20 3 14 10 2 4 17 38 14 14 10 -3 8 13 6 5 -2 11 -1 -7 -7 -4 -6 -3 -11 23 28 18 12 20 35 26 11 -2 -2 -5 4
-10 -13 -17 -21 -26 -25 -20 -12 -14 -14 -21 -10 15 3 -11 -12 2 13 9 8 19 23 12 22 33 29 20 -4 -10 -17 17 20 -6 -3 8 -16 -34 -36 13 1 -7 11 8 5 -11 6 9 3 10 11 -3 3 0 -13 -29 -39 -41 -45 -52 -31 -14 -2 6 -4 -5 10 31 18 7 26 11 1 8 12 17 1 16 19 3 -0 1 -10 -1 -1 -1 14 9 -1 -11 5 29 34 20 3 7 12
-6 -20 -13 -11 -29 -29 -19 -6 -17 -19 -20 7 19 2 -8 -13 -1 9 14 18 17 16 18 26 22 23 13 -3 -17 -9 5 -9 3 -13 18 -10 -24 -39 -27 -5 -11 9 6 1 7 10 -3 -2 23 14 17 8 -8 -15 -32 -50 -47 -35 -29 -29 -27 -17 -3 -15 -2 8 27 4 8 30 31 6 3 15 20 4 6 22 15 8 -1 -10 -14 4 15 12 -2 -9 2 17 28 46 27 10 18 26
-8 -20 -30 -32 -26 -12 -15 -9 -17 -21 -15 -9 16 4 -0 -7 -7 7 18 22 13 25 30 30 19 11 2 -5 -3 11 -12 -16 23 12 -8 -21 -19 -29 -27 -2 -1 12 17 9 -8 -4 -8 -6 22 16 13 1 1 -11 -37 -48 -43 -14 -24 -27 -39 -16 -22 -21 -7 21 30 6 12 35 45 16 -0 6 25 11 7 11 21 11 -9 -3 2 7 6 1 -4 -5 30 40 32 31 28 32 6 14
-19 -12 -30 -35 -14 -11 8 -5 -12 -6 -2 -7 6 12 1 -7 -4 4 14 17 15 14 27 33 24 3 -1 -15 -8 -10 -13 -11 49 30 -1 -14 -22 -39 -55 -14 11 6 -1 4 -18 -0 5 -5 19 25 23 1 4 -5 -36 -47 -59 -10 -0 -24 -37 -36 -30 -30 3 22 23 1 16 37 45 21 -12 5 1 13 26 26 22 6 3 5 12 17 4 -15 -6 -4 -10 5 19 22 25 30 28 13
-16 -9 -14 -23 -23 -12 12 -6 -1 -9 -8 9 12 11 1 -3 -9 2 17 21 16 8 8 16 12 1 1 -4 -4 -3 -8 -13 42 26 -2 -20 -16 -32 -30 -0 10 7 -8 -10 -16 -10 13 5 -8 22 16 3 -16 -3 -25 -42 -41 -5 11 -25 -50 -46 -35 -26 -13 14 12 0 11 40 38 9 4 10 2 9 27 23 23 5 13 36 2 9 1 -5 -4 -10 -12 9 14 14 17 24 38 17
-20 -12 -22 -29 -50 -1 12 -8 5 7 -9 12 13 10 0 -5 6 10 3 8 4 3 -2 6 4 7 -6 15 16 6 0 12 27 17 -3 -17 -22 -38 -12 5 7 18 8 -5 -18 -3 30 -6 10 20 4 -1 13 -7 -30 -25 -10 -3 -12 -30 -40 -49 -59 -45 -19 6 10 7 14 39 38 9 10 19 2 7 22 25 14 7 43 28 -8 16 2 1 9 -0 -15 -10 11 -5 15 33 30 20
-20 -21 -35 -35 -24 -8 -0 -9 -12 1 17 24 13 2 -1 3 9 -6 -7 3 1 3 -11 2 10 3 -6 26 22 6 2 16 16 6 -7 -34 -17 -21 -28 -21 14 9 2 -4 -14 46 -1 31 11 7 45 30 10 1 -16 -12 10 12 -16 -24 -46 -63 -89 -56 -27 -7 -12 6 15 27 39 19 18 21 7 -2 1 10 -0 3 35 13 15 3 6 3 2 -10 -15 -15 -10 0 -3 -1 19 36
-26 -33 -37 -39 -41 -17 -2 -5 -7 -10 -5 16 15 -1 9 2 11 -11 -13 -9 -4 -7 -14 12 10 -5 11 39 21 9 9 16 7 4 -13 -14 -21 -22 -9 -14 13 -1 5 -3 -17 -16 9 47 19 -14 16 16 17 -4 -16 14 10 18 -18 -24 -29 -57 -84 -64 -28 -24 -32 -10 13 12 17 21 11 8 10 26 23 21 24 21 23 5 24 3 14 17 -3 -21 -23 -21 -16 -19 -18 -10 -10 31
-31 -22 -20 -22 -27 -3 -5 -5 -8 -9 -1 9 25 14 9 5 -1 -15 -18 -24 -32 -15 -13 13 8 -5 9 46 26 13 12 11 7 -14 -21 -17 -26 -17 -4 17 17 15 8 -10 -6 -19 -28 -8 -6 37 39 10 9 -7 -27 -8 14 15 -10 -12 -38 -53 -81 -49 -31 -32 -28 -28 -39 -15 14 7 4 10 7 30 33 21 29 33 32 -2 17 15 18 12 -11 -20 -17 -19 -15 -20 -20 -8 -6 31
-8 -1 2 6 4 -10 -18 -10 -8 -5 13 17 20 18 3 -2 -10 -8 -20 -28 -28 -15 19 16 -2 1 39 45 33 23 17 2 -14 -29 -36 -37 -24 5 5 -1 3 17 10 16 21 10 8 -21 11 30 -5 14 4 -23 -20 13 18 11 6 -11 -34 -51 -70 -82 -64 -68 -66 -63 -26 -0 6 6 2 27 18 45 20 23 39 46 9 -5 16 20 14 5 -7 -10 -5 -10 -25 -16 -16 -13 -9 24
7 10 9 14 0 -7 -17 -13 -5 11 5 4 12 16 0 -5 -4 -15 -22 -33 -10 24 18 6 -5 20 51 43 29 19 8 -2 -9 -32 -29 -5 3 3 -3 -9 4 26 15 19 40 61 44 11 -12 -17 10 -17 -18 -17 6 20 -3 8 16 -7 -23 -56 -70 -68 -81 -98 -55 -19 2 -2 0 -6 4 37 50 46 20 31 52 23 -19 30 23 23 22 9 -1 -5 2 -3 -9 -13 -10 -18 -14 -2
-23 -5 2 12 4 3 -15 -5 3 5 2 12 6 -14 -3 -3 -3 -17 -24 -34 24 23 11 2 11 15 38 27 19 -2 0 8 -8 -9 -2 -4 -6 5 -4 -11 -3 24 13 12 37 60 33 20 12 4 -37 -16 22 28 9 7 -2 4 11 -24 -27 -50 -62 -53 -81 -69 -26 -7 -17 -13 -10 -9 19 43 57 46 32 44 45 5 18 30 18 25 15 10 -2 8 2 -2 -9 -18 -20 -20 -4 -14
-33 -40 -2 11 0 -6 -4 -1 1 -3 -4 19 -2 -20 0 -6 -4 -12 -32 25 28 22 11 -2 5 -10 0 4 -2 -9 -10 14 -3 -15 -1 -10 -6 -13 -11 -3 -6 8 25 54 50 45 23 31 3 -31 -8 46 34 16 8 6 1 3 6 -14 -18 -46 -61 -53 -58 -63 -67 -17 -22 -16 -14 -12 14 27 60 63 43 44 32 -6 24 9 25 21 15 18 10 4 -3 -4 -10 -15 -19 -21 -17 5
-33 -25 16 5 4 -5 0 9 12 0 -12 14 -11 -26 -7 -8 -7 -10 -40 32 27 18 9 -2 -5 -11 8 6 -9 -8 19 19 -4 4 18 -13 -23 -23 -4 0 3 4 21 48 34 24 12 -2 -8 5 58 47 26 11 -2 8 -6 -5 -21 -1 -17 -50 -59 -53 -41 -69 -77 -4 -7 -20 -11 -2 29 52 63 61 48 32 11 -26 -16 -9 28 22 23 29 24 7 -4 -1 3 -9 -11 -16 -13 16
-30 -27 3 18 9 -3 8 11 10 2 -6 -1 -16 -20 -19 -16 -5 -6 -25 20 27 14 4 1 5 -7 5 -1 -3 14 17 14 12 33 14 -3 -17 1 11 2 4 -4 -9 14 23 7 27 48 65 53 38 33 12 -5 12 -1 -8 -1 -24 -11 -32 -50 -44 -42 -70 -66 -52 0 -9 -23 -9 0 39 33 47 60 49 22 5 -20 -25 -2 38 23 27 31 28 12 3 1 6 -2 -1 -11 -7 -5
-40 -15 -5 -1 12 -1 8 15 -0 -10 -8 -11 -12 -24 -35 -30 -3 5 -5 -0 26 11 19 17 9 7 10 1 17 9 10 20 16 32 14 8 8 9 -1 -11 -3 -3 11 9 -1 17 27 33 65 51 39 33 7 13 6 -9 -3 -9 -10 -32 -29 -45 -40 -43 -65 -68 -24 3 -23 -22 0 11 6 28 39 55 51 19 -7 -19 -13 1 24 20 16 22 34 13 -3 12 3 3 3 -12 -16 -17
-20 2 11 4 12 -2 -8 -0 -22 -17 3 -12 -33 -37 -28 -22 -13 4 17 1 22 4 35 22 16 13 9 21 18 7 21 21 18 11 19 10 7 18 4 -9 -21 5 8 10 1 1 16 12 35 36 34 28 11 14 7 2 -0 -7 -9 -24 -34 -35 -28 -41 -62 -46 1 -11 -18 -18 -4 2 12 8 40 58 44 5 1 -8 -24 -4 21 17 22 15 30 13 -3 9 11 11 7 -12 -18 -23
-13 6 19 12 -1 -8 -17 -37 -28 16 8 -9 -16 -15 -25 -28 -11 -0 7 28 16 9 47 28 21 16 22 32 12 8 13 21 10 0 24 11 0 22 7 4 -15 3 -2 7 -3 3 18 32 61 33 31 24 13 11 9 7 -4 -13 -15 -15 -25 -40 -25 -40 -38 -42 -28 -24 -21 -8 5 12 22 17 32 34 22 1 13 -2 -14 19 29 26 29 29 28 15 -3 8 15 2 8 -11 -7 -11
-3 9 14 -1 -13 -20 -26 -52 19 14 0 -13 -8 -12 -21 -21 -13 -0 -0 3 2 15 51 36 19 19 29 30 13 7 3 8 3 12 27 -0 11 14 0 -2 -8 -11 -9 3 7 20 37 15 45 38 26 14 7 15 18 12 -0 -7 -1 -13 -25 -26 -27 -34 -33 -28 -28 -35 -19 4 19 31 31 20 19 14 11 -3 19 -6 19 24 20 27 24 23 18 17 5 14 11 1 1 -6 -9 4
9 13 7 -13 -28 -33 -36 -55 -8 6 1 2 -7 -14 -9 -9 -12 -6 -10 -21 -14 34 50 36 25 35 37 25 20 13 8 9 -6 -7 7 11 3 -2 -3 3 -3 -9 -12 2 36 44 40 34 39 28 23 20 16 11 25 16 0 -0 5 -12 -30 -21 -29 -28 -8 -5 -27 -34 -13 12 30 44 30 9 13 -2 -7 -17 6 -3 27 27 23 27 27 14 22 19 10 12 9 -10 -2 3 -2 14
7 1 2 -18 -34 -39 -43 -65 -37 -6 -0 -3 -13 -11 4 -6 -9 -11 -13 -21 -7 44 40 42 39 46 33 25 23 9 2 1 -10 6 10 9 -0 -9 -8 -6 -2 -14 -7 12 48 46 36 15 45 40 20 4 11 15 24 5 -6 5 -4 -6 -28 -35 -32 -8 -2 -13 -20 -17 6 24 35 34 22 17 3 -21 -30 2 9 -4 4 14 22 15 22 6 14 29 24 16 -2 -9 -0 7 10 16
5 -2 -12 -20 -36 -41 -52 -69 -17 -9 -5 -5 -24 -16 -3 -6 -6 -12 -14 -16 48 59 43 39 27 37 23 20 15 7 13 6 -2 2 -1 1 -6 -7 -0 -0 4 8 -4 -2 46 51 39 24 45 32 11 -1 -5 4 12 -2 -2 10 7 -11 -16 -24 -25 2 2 -1 -11 -3 23 27 13 10 16 20 -2 -27 -36 -4 6 3 12 1 4 13 12 7 -8 17 21 10 -3 -4 14 16 13 -2
4 -9 -24 -25 -35 -47 -54 -49 -6 -5 -5 0 -7 -4 -4 -2 -5 -15 -22 -36 44 55 35 36 30 29 19 19 15 8 7 -3 1 -8 -14 -12 -5 -9 -7 -9 1 7 -14 -12 57 67 48 41 39 37 6 -9 -4 -20 -7 -13 -1 25 2 -13 -10 -18 0 -9 -2 5 -0 11 27 19 12 7 -1 13 1 -25 -38 -11 14 6 8 4 7 4 9 -13 -10 7 9 10 -13 5 13 23 4 5
-9 -22 -29 -34 -49 -43 -20 -14 3 -9 -5 1 3 -0 -4 -1 0 -13 -21 -48 68 55 34 38 37 37 21 18 10 5 2 -1 -7 -4 -5 -23 -16 -6 -11 -15 -1 -3 -17 -11 35 51 48 44 37 29 12 -5 -15 -20 -23 -18 -2 19 -2 -15 -7 3 -5 -17 -1 3 8 15 31 29 16 5 6 17 -5 -25 -30 -13 14 -13 -2 2 -7 1 2 -8 -13 -17 4 3 2 7 23 13 -4 15
-12 -32 -35 -44 -32 -43 -35 1 -1 -9 -1 5 9 11 -7 -5 -5 0 -20 -38 63 51 36 31 28 20 14 17 11 2 -0 -1 -7 -12 -4 -19 -17 -0 -5 -13 -2 -6 -11 -12 6 65 46 28 32 22 0 -3 -9 -15 -20 -15 5 21 -10 -11 -12 -1 -3 -12 3 8 31 26 23 33 28 11 7 10 -3 -19 -5 -7 -1 -11 -6 0 -5 -6 -4 -11 -11 -21 6 1 3 14 24 21 8 10
-20 -38 -29 -13 -35 -27 6 1 -7 -11 -1 0 1 9 2 -1 -10 -18 -4 -8 45 49 42 38 21 20 11 12 6 7 -4 -13 -16 -26 -2 -19 -14 -13 -8 -7 10 9 -5 -15 -9 56 52 29 27 10 -5 -6 -22 -19 -23 -18 1 12 -6 -11 -2 -4 -13 -13 5 23 29 23 23 26 30 21 9 -3 -11 -18 -3 -4 -10 -11 2 3 -4 -13 -4 -5 -25 -39 -7 -8 11 9 33 31 23 3
-23 -31 11 -16 -18 1 0 -14 -18 -11 -10 -10 22 31 15 7 7 26 16 4 -10 31 50 35 24 18 14 1 3 6 -1 -12 -22 -35 3 -0 -12 -18 -26 -9 8 22 5 -8 -13 39 59 31 17 1 1 -16 -22 -23 -23 -19 -2 -8 2 16 6 -5 -19 -11 15 28 28 11 21 13 28 31 18 3 -7 -25 2 4 7 7 1 5 4 -20 -13 -6 -24 -24 -16 -7 -2 9 14 36 29 10
-29 -6 5 -27 -41 -4 -9 -16 -21 -19 -16 -16 51 45 30 27 28 33 15 8 14 2 8 28 23 9 10 9 9 -4 -4 -16 -32 -41 -7 1 -18 -12 -26 -27 -9 18 15 3 -5 38 56 35 18 -1 -2 -11 -16 -27 -23 -12 4 4 8 12 9 0 -14 -6 10 29 28 11 23 33 14 17 12 13 -7 -23 3 -8 5 4 9 1 -1 -4 -5 -10 -14 -8 -11 18 -0 1 14 20 25 4
