reca/docs/data/PA5_1997_2017_CPRISTINE_S30kmFill_U.asc
ncols 813
nrows 670
xllcorner 112.925
yllcorner -43.575
cellsize 0.05
NODATA_value -9999.0
[rows 384 to 431 of 670, columns 384 to 479 of 813]
-40 -36 -38 -37 -33 -34 -31 -30 -22 -18 -16 -18 -21 -14 -18 -26 -25 -22 -12 -8 -9 -8 -18 -14 -15 -14 -16 -20 -17 -13 -18 -19 -20 -18 -18 -19 -23 -23 -23 -22 -24 -22 -25 -26 -26 -25 -24 -11 -18 -2 -3 8 9 2 23 20 12 4 -3 -4 -10 -19 -27 -28 -27 -31 -33 -31 -25 -31 -25 -21 -28 -22 -17 -11 -6 -12 -20 -19 -22 -23 -30 -27 -29 -33 -35 -26 -16 -14 -11 -16 -5 -1 -2 14
-37 -37 -42 -39 -33 -32 -32 -29 -24 -22 -22 -19 -16 -20 -22 -18 -21 -19 -16 -14 -18 -17 -8 -10 -6 -21 -16 -13 -13 -9 -11 -14 -11 -10 -9 -12 -14 -16 -17 -17 -17 -17 -22 -23 -21 -29 -24 -26 -5 -9 -5 -7 4 20 10 -1 -2 5 1 -4 -11 -21 -22 -23 -27 -26 -27 -32 -23 -27 -26 -26 -22 -21 -9 -5 -2 -4 -9 -14 -17 -22 -31 -20 -21 -30 -25 -17 -11 -9 -8 -10 4 6 5 5
-34 -38 -34 -36 -31 -23 -21 -19 -18 -22 -18 -22 -27 -29 -19 -17 -17 -13 -13 -13 -24 -31 -10 -24 -19 -22 -22 -9 -8 -6 -6 -15 -15 -27 -19 -16 -16 -19 -19 -22 -21 -20 -27 -28 -26 -20 -22 -26 -28 -29 -28 -22 -18 -3 23 10 -1 -6 -6 -1 -15 -22 -19 -24 -25 -23 -29 -26 -23 -22 -21 -17 -17 -19 -6 -3 -1 2 -2 -6 -8 -13 -18 -16 -16 -17 -16 -11 -5 -8 -10 -13 4 16 12 14
-31 -31 -30 -27 -30 -26 -17 -11 -13 -17 -19 -24 -32 -33 -29 -31 -22 -12 -18 -19 -15 -25 -20 -20 -20 -14 -17 -22 -19 -16 -9 -10 -16 -21 -19 -14 -13 -23 -23 -24 -23 -20 -22 -20 -17 -17 -19 -30 -29 -20 -22 -18 -20 -20 -17 -11 -2 -4 2 1 -12 -18 -20 -21 -21 -24 -29 -29 -23 -27 -18 -24 -22 -11 -9 -17 -4 3 0 -7 -4 -1 -3 -8 -8 -11 -14 -10 -18 -15 -5 -5 5 13 11 12
-19 -24 -25 -25 -20 -18 -14 -20 -26 -30 -31 -33 -34 -37 -37 -38 -33 -30 -32 -29 -36 -35 -23 -14 -19 -25 -20 -27 -36 -39 -41 -41 -33 -34 -42 -44 -29 -25 -24 -22 -18 -15 -12 -14 -13 -32 -27 -20 -19 -18 -15 -15 -16 -17 -13 -9 -7 -4 1 0 -7 -16 -28 -21 -22 -22 -22 -24 -26 -30 -23 -38 -29 -26 -26 -16 -8 -1 2 5 0 1 5 -3 -3 -3 -4 -14 -25 -25 -10 -7 1 9 2 -1
-17 -26 -20 -21 -20 -17 -21 -25 -36 -36 -36 -36 -29 -30 -37 -36 -34 -37 -38 -44 -39 -34 -37 -34 -32 -27 -29 -28 -29 -30 -33 -36 -42 -43 -40 -39 -30 -30 -26 -24 -22 -32 -28 -15 -19 -14 -22 -15 -9 -14 -17 -17 -15 -16 -16 -13 -8 -17 -2 -6 -8 -14 -23 -27 -28 -22 -20 -23 -25 -38 -33 -27 -32 -34 -30 -21 -21 -17 -12 4 4 2 -5 -13 -16 -10 -17 -15 -11 -12 -11 -19 -9 -7 -14 -13
-33 -25 -20 -13 -21 -12 -11 -23 -26 -31 -39 -37 -40 -30 -29 -32 -30 -35 -39 -36 -33 -36 -35 -32 -33 -30 -25 -19 -21 -21 -28 -35 -35 -35 -30 -30 -17 -15 -19 -23 -26 -25 -22 -19 -23 -15 -17 -16 -18 -24 -22 -18 -15 -19 -16 -15 -15 -16 -9 -12 -11 -19 -24 -29 -31 -24 -30 -32 -36 -29 -25 -24 -27 -27 -23 -21 -23 -15 -8 -2 5 5 0 -10 -15 -18 -17 -10 -7 -10 -13 -19 -25 -6 -4 -4
-30 -29 -26 -29 -6 -10 -3 -12 -15 -22 -35 -35 -38 -38 -32 -33 -30 -35 -36 -35 -35 -36 -35 -30 -30 -37 -36 -29 -35 -23 -36 -31 -25 -26 -23 -30 -28 -28 -19 -17 -18 -19 -19 -23 -14 -13 -17 -12 -17 -17 -23 -20 -25 -28 -28 -26 -21 -16 -14 -18 -25 -15 -23 -31 -34 -32 -28 -20 -21 -24 -24 -23 -23 -22 -21 -22 -22 -8 2 5 4 8 -3 -10 -14 -16 -12 -10 -15 -21 -11 -11 -28 -23 -22 -15
-36 -28 -24 -30 -22 -15 -17 -13 -22 -21 -27 -32 -28 -27 -33 -27 -27 -31 -33 -32 -32 -32 -31 -27 -25 -30 -32 -30 -28 -28 -30 -25 -22 -20 -15 -12 -12 -16 -13 -15 -10 -10 -8 -10 -12 -19 -14 -12 -15 -18 -13 -15 -18 -21 -25 -26 -26 -20 -15 -19 -21 -22 -18 -19 -20 -23 -25 -22 -20 -16 -12 -12 -14 -20 -24 -26 -28 -17 0 -1 1 3 -7 -13 -11 -17 -18 -13 -7 -6 -12 -13 -22 -27 -18 -1
-18 -32 -28 -15 -29 -31 -25 -19 -14 -19 -20 -27 -28 -30 -23 -24 -23 -27 -24 -25 -26 -29 -31 -27 -23 -26 -27 -25 -18 -17 -12 -14 -11 -17 -9 -11 -13 -11 2 2 2 -5 -7 -4 -13 -17 -24 -26 -13 -18 -17 -15 -15 -15 -17 -18 -14 -13 -13 -13 -13 -18 -14 -7 -7 -7 -4 -0 2 1 3 2 -4 -10 -15 -22 -27 -23 -16 -14 -23 -19 -14 -11 -16 -15 -17 -15 -7 -4 -7 -7 -10 -15 -14 -8
-24 -20 -25 -28 -31 -25 -16 -42 -30 -17 -23 -32 -24 -18 -16 -20 -17 -20 -17 -14 -19 -19 -21 -22 -17 -20 -23 -18 -18 -18 -13 -22 -19 -6 -10 -23 -23 -8 -7 -19 -27 -39 -14 -13 -23 -22 -26 -25 -17 -15 -13 -20 -21 -13 -13 -14 -15 -9 -9 -7 -17 -19 -13 -7 -3 -0 -4 3 7 4 5 5 5 2 -1 -8 -14 -17 -20 -22 -28 -27 -16 -6 -5 -4 -13 -3 -2 -5 -7 -5 -18 -7 -10 -31
-19 -4 -12 -21 -24 -22 -32 -27 -24 -26 -27 -21 -20 -17 -18 -19 -11 -15 -11 -11 -14 -14 -13 -13 -11 -15 -16 -15 -17 -22 -23 -24 -17 -12 -25 -21 -15 -4 -22 -37 -32 -38 -14 -23 -20 -8 -18 -17 -13 -11 -16 -22 -16 -10 -6 -7 -0 1 3 -12 -12 -14 -12 -6 2 7 -3 5 8 8 10 10 14 10 5 5 1 -6 -15 -16 -17 -18 -14 -9 -13 -17 -23 -20 -2 -1 -4 -18 -17 -20 -51 -60
-15 -3 -9 -9 -17 -26 -25 -16 -27 -20 -18 -13 -7 -10 -7 -5 -10 -8 -10 -8 -10 -14 -5 -11 -15 -27 -22 -20 -14 -24 -20 -20 -9 -8 -19 -21 -12 -15 -26 -37 -30 -33 -27 -11 -13 -13 -18 -11 -3 -4 -12 -19 -9 2 1 3 8 19 3 -9 -5 -9 3 -3 9 1 0 5 19 19 18 15 15 18 16 11 12 7 1 -2 -5 -4 5 -3 -8 -4 -18 -37 0 -2 -12 -10 -12 -55 -69 -67
-11 -9 7 -1 -13 -23 -15 -12 -14 -10 -15 -4 -4 1 2 -1 -5 -1 -3 -4 -9 -5 -17 -19 -30 -19 -15 -28 -26 -34 -32 -30 -27 -16 -10 -17 -13 -14 -22 -32 -22 -17 -31 -14 -5 -0 -4 -7 -5 -4 -3 1 0 11 8 12 20 27 16 12 12 13 12 13 16 16 12 14 28 28 26 27 27 28 26 24 22 17 15 7 4 -2 13 4 6 7 -25 -42 -15 9 -1 -10 -56 -64 -60 -51
-11 -10 4 -0 -5 -15 -26 -15 -10 -11 -12 -9 -1 3 4 2 4 1 4 0 -2 -1 -21 -14 -8 -13 -8 -17 -12 -20 -22 -27 -21 -35 -31 -18 -19 -10 -14 -27 -31 -31 -22 -19 -16 -12 -3 -11 1 -0 2 11 3 11 10 5 27 23 22 20 24 22 19 15 21 23 16 9 8 4 4 6 22 27 17 17 21 26 12 14 12 8 12 -9 -22 -21 -45 -54 -32 -20 -18 -34 -52 -49 -45 -36
-9 -5 -7 -3 -1 -6 -17 -17 -19 -17 -4 -4 -5 -3 -4 -7 -5 -10 -5 -7 -16 -12 -9 -14 -25 -16 -13 -2 -10 1 -18 -28 -25 -22 -25 -19 -19 -10 -14 -18 -23 -28 -26 -24 -26 -8 -7 -9 -3 1 4 1 4 10 13 4 0 15 25 26 27 21 6 17 10 17 15 9 -13 -19 -15 -17 -22 -21 -7 1 1 9 13 29 16 27 8 -11 -32 -51 -51 -56 -37 -33 -38 -44 -43 -37 -30 -28
-8 -7 -1 8 0 -3 -9 -11 -17 -8 -11 -5 -2 -1 -5 -6 -7 -15 -14 -15 -23 -22 -14 -27 -32 -21 -18 -17 -21 -7 -2 -6 -12 -12 -15 -12 -10 -5 -10 -13 -18 -16 -14 -21 -24 -30 -29 -17 -9 -8 -9 -3 -0 7 16 4 -12 26 23 15 18 11 16 19 16 7 13 13 9 -9 -6 -20 -30 -9 -5 -8 -7 -15 -7 -3 30 32 -17 -11 -9 -43 -45 -44 -42 -34 -36 -32 -28 -21 -19 -18
3 2 2 0 2 -0 -7 -6 -3 -9 -12 -10 -3 -6 -11 -16 -15 -22 -9 -16 -21 -17 -5 -9 -10 -14 -14 -5 -13 -16 -15 -14 -2 -2 -6 -7 -1 -5 -9 -12 -10 -6 -14 -18 -18 -22 -26 -25 -20 -13 -11 -7 -2 4 10 6 21 22 18 11 7 8 14 18 19 13 12 14 12 13 11 -12 -10 -12 -10 2 -3 1 7 15 28 0 2 -5 -12 -29 -28 -31 -34 -24 -25 -23 -18 -9 -12 -5
7 4 -2 4 6 2 -1 -1 -1 -3 -5 -4 -4 -8 -14 -17 -16 -5 -10 -9 -20 -24 -15 -17 2 -10 3 5 4 -0 -7 -8 -7 -6 -9 -8 -6 -11 -15 -4 -4 -16 -17 -19 -23 -16 -18 -25 -20 -16 -11 -5 -6 -5 -13 11 19 15 14 13 13 10 8 16 19 19 16 11 11 9 4 1 -2 -14 1 8 16 18 35 -2 -21 -11 5 11 10 -15 -12 -17 -30 -21 -18 -16 -11 -2 -6 -10
14 10 7 7 7 11 9 3 -1 4 2 -0 -6 -5 -4 -8 -4 -7 -3 -6 -5 -14 -20 -11 6 -2 7 4 -3 3 4 -6 -10 -18 -15 -8 -9 -11 -14 -6 -12 -14 -16 -23 -33 -30 -23 -20 -17 -18 -15 -11 -11 -10 -5 -3 -1 10 11 14 13 15 12 18 22 24 22 15 20 19 16 14 24 11 16 22 25 19 13 1 -14 -12 -8 2 29 -3 -8 -14 -21 -16 -12 -10 -8 3 4 -7
18 9 4 8 11 18 14 9 8 5 2 5 -4 -3 -13 0 7 -11 -11 -8 -11 1 -15 6 12 14 9 -2 -6 -8 -15 -23 -26 -20 -28 -26 -9 -11 -3 -7 -5 -1 -14 -26 -31 -23 -14 -8 -4 -25 -25 -21 -14 -7 -7 -1 -4 4 8 15 18 22 23 22 25 26 15 24 27 27 28 26 31 4 16 35 32 30 8 9 -4 -4 -10 3 9 -16 -13 -15 -21 -19 -18 -14 -7 -0 -1 -7
23 16 -1 -4 13 14 13 11 9 12 8 2 -10 -9 -17 -0 -3 -1 -1 5 -2 9 2 -15 7 5 -4 1 1 -10 -13 -12 -15 -19 -23 -20 -11 -20 -12 -9 -11 -14 -16 -17 -23 -29 -30 -32 -21 -29 -29 -13 -12 -7 -7 -5 -1 4 11 20 25 31 27 23 23 24 32 24 24 25 18 29 32 15 20 17 38 16 12 6 5 7 2 7 3 9 1 -5 -21 -18 -16 -13 -5 -16 -19 -18
11 18 7 4 14 13 6 11 13 14 12 8 6 -17 -9 -12 -26 -15 3 3 -10 -1 4 -3 9 3 -0 1 -7 -8 -15 -17 -20 -17 -19 -12 -17 -27 -16 -14 -28 -26 -15 -3 -9 -21 -26 -26 -26 -25 -26 -21 -12 -5 -8 -9 -7 2 13 19 24 21 -2 3 18 -8 2 1 -1 -9 -18 -3 19 -4 1 6 12 5 14 12 11 11 12 16 14 15 10 -8 -14 -15 -19 -10 -17 -20 -16 -22
11 5 8 6 13 4 4 14 19 16 14 11 2 4 -8 -16 -17 6 16 9 2 -2 7 8 10 10 5 1 -1 -1 -2 -6 -19 -12 -2 -5 -15 -19 -13 -12 -8 -30 -29 -27 -18 -6 -11 -16 -17 -15 -7 -26 -16 -5 -15 -14 -19 1 13 17 21 13 -11 -14 -15 -21 -17 -19 -16 -17 -12 -13 -14 -17 -6 -4 3 10 20 25 21 21 25 21 17 17 16 -1 -12 -13 -22 -19 -9 -12 -15 -26
-4 -9 -5 5 3 1 3 4 5 11 6 -4 -2 -6 -7 -15 -18 -19 -4 0 -10 4 19 19 14 15 5 9 5 8 10 5 -14 -11 -6 -4 -10 -15 -17 -23 -18 -19 -25 -30 -32 -22 -16 -12 -14 -18 -22 -25 -27 -26 -32 -27 -38 -35 -16 -8 -3 -18 -24 -19 -25 -22 -19 -14 -15 -8 -3 -2 -9 -7 -2 6 12 14 21 23 24 18 22 22 15 7 -1 -7 -9 -10 -18 -18 -19 -19 -22 -29
-9 -15 -13 -5 -8 -10 -6 -10 -8 -1 4 -4 -14 -17 -7 -14 -17 -11 -12 -12 -14 3 0 20 10 -1 -4 2 11 17 14 14 2 -4 -3 -2 -4 -9 -17 -21 -9 -3 -15 -13 -23 -14 -12 -14 -19 -24 -26 -28 -26 -33 -30 -34 -37 -41 -44 -32 -39 -40 -32 -25 -25 -19 -15 -18 -14 -11 -5 -2 -3 -5 2 3 9 10 14 19 18 17 16 12 6 2 -2 -2 -4 -9 -8 -8 -12 -15 -19 -27
-7 -7 -5 -2 3 2 -3 -8 -6 2 -1 1 -12 -5 -9 -9 -20 -14 -14 -5 3 -11 0 5 2 -7 -5 7 -1 13 17 7 12 4 9 9 5 -5 -10 -12 -7 -9 -14 -14 -15 -12 -11 -6 -2 -6 -23 -13 -12 -19 -19 -30 -34 -35 -30 -28 -30 -24 -28 -21 -16 -14 -14 -12 -12 -11 -13 -8 -8 -7 -1 1 8 12 13 17 19 19 16 12 9 8 6 5 1 -2 -4 -4 -5 -9 -18 -14
1 -11 -9 -7 -8 -6 -7 -4 1 -2 -16 -12 0 6 -4 -8 -8 -2 3 6 5 -10 -6 -4 -15 -9 -8 6 -5 9 -2 -18 -20 -8 -5 5 13 8 -1 -7 -7 -7 -12 -21 -13 -14 -17 -4 -6 -7 -18 -12 -24 -12 -8 -12 -22 -9999 -18 -17 -19 -9999 -17 -15 -12 -11 -8 -9 -8 -6 -6 -6 -6 -6 -3 2 4 6 10 10 14 17 17 15 14 13 13 11 6 4 4 0 -3 -8 -13 -9
6 -5 -13 -10 -15 -12 -6 1 2 -15 -19 -18 -18 -15 -17 -11 -11 -5 11 2 -4 1 3 -2 -3 -9 -13 -14 -8 -10 -10 -22 -25 -38 -23 -14 7 -5 -5 -14 -20 -12 3 3 -7 -23 -26 -17 -14 -2 -2 -19 -23 1 3 -3 -19 -7 -6 -15 -4 -11 -7 -6 -4 -6 -3 -4 -7 -2 0 -2 -4 -3 -4 -2 1 1 6 4 6 10 16 18 19 20 16 17 12 8 13 12 9 -5 -3 -32
0 -3 -5 -4 -6 -5 -9 -5 -9 -27 -15 -12 -12 -13 -15 -14 -12 1 -3 -12 -9 -2 -2 -6 -6 -16 -6 -18 -21 -16 -22 -25 -37 -42 -31 -21 -9 -23 -19 -6 -6 -5 6 2 -14 7 13 17 13 -17 -31 -13 -8 11 5 -5 -4 -1 2 -6 -9 -4 -3 -6 -9 -6 -1 1 4 6 6 3 -3 -4 -3 -2 -1 14 -4 -9 8 -3 10 18 23 25 25 24 18 19 20 15 -8 -20 -23 -35
7 -3 -8 -5 -5 -9 -9 -17 -20 -18 -10 -16 -13 -6 -20 -15 -14 -17 -4 -9 -12 -5 4 -2 -0 -19 -20 -12 -13 -15 -25 -23 -32 -33 -41 -42 -25 -19 -12 -8 1 -5 -18 -2 9 10 15 -1 18 -5 -23 3 14 12 5 -0 5 3 4 -10 -5 -1 0 -4 -4 -7 -2 3 7 12 6 7 5 4 3 -6 -9 -6 -9999 -9999 -18 -10 -7 13 12 9 15 22 24 14 15 12 -12 -33 -29 -10
3 2 -5 -5 -2 -4 -17 -15 -13 -20 -20 -16 -19 -16 -24 -27 -26 -23 -22 -25 -29 -13 -14 -24 -12 -4 -2 -11 -9 -21 -28 -24 -12 -28 -30 -26 -30 -28 -37 -8 -1 11 -7 -18 -40 -24 -46 -47 -31 -31 -42 -32 -10 2 5 -1 10 26 10 1 -1 5 -1 1 2 -0 -2 8 18 20 14 10 10 4 -5 0 0 -9999 -15 -16 -34 -12 -4 8 7 3 1 -14 -10 -1 -6 -11 -13 -30 -11 -10
7 3 -1 -1 -4 -8 -11 -12 -18 -23 -19 -14 -14 -22 -24 -24 -25 -20 -20 -22 -24 -26 -30 -21 -23 -12 -17 -22 -21 -14 -16 -12 -6 -0 -2 -14 -16 -30 -22 1 8 12 -24 -49 -38 -16 -42 -46 -32 -22 -29 -37 -30 -15 -7 8 23 7 9 12 7 5 -3 1 9 8 7 8 9 -5 29 -2 0 2 -1 -4 2 -2 -9 -13 -12 -10 -3 5 6 2 -9 -19 -19 -21 -11 -6 -21 -1 -8 -22
4 8 7 5 0 -2 -3 -8 -15 -20 -19 -21 -20 -20 -22 -22 -22 -24 -23 -23 -21 -14 -22 -23 -15 -22 -19 -22 -22 -25 5 4 4 -14 -28 -41 -35 -15 -30 -32 -47 -47 -34 -45 -20 -16 -38 -36 -20 -9 -11 -16 -33 -37 -20 0 18 15 9 30 56 46 47 21 16 2 11 11 6 4 3 25 7 4 1 -2 -4 -4 -2 -7 -11 -13 -21 -11 -9 -8 -5 -12 -11 -8 -5 -6 -6 -20 -23 -25
5 10 13 11 8 2 1 -4 -10 -12 -13 -14 -16 -18 -17 -19 -19 -18 -15 -21 -19 -18 -21 -25 -28 -30 -20 -24 -34 -35 -13 -24 -3 1 -27 -27 -26 -29 -33 -28 -53 -54 -45 -29 -10 -8 -23 -26 -19 0 -18 -3 -14 -29 -16 2 2 13 2 23 -9999 -9999 -9999 -9999 -47 -24 3 -8 -5 -1 13 38 45 21 27 28 25 -4 -1 1 2 -5 -9999 -17 8 -15 -9 -6 -4 -1 -15 -20 -10 -23 -21 -17
4 5 21 19 13 9 4 -1 -2 -3 -7 -10 -13 -18 -19 -19 -17 -18 -14 -14 -18 -20 -21 -21 -26 -26 -30 -32 -40 -37 -17 -21 -16 -33 -32 -38 -34 -19 -41 -44 -48 -49 -40 -31 -24 -9 -16 -24 -17 5 -4 9 -1 -18 -23 -13 15 13 -13 -43 -9999 -9999 -9999 -62 -9999 -9999 -18 -37 -25 -24 -2 -20 30 43 21 46 10 6 4 9 25 -9999 -14 0 -9999 -25 -0 -9 -1 -2 0 -17 -24 -26 -21 -22
1 -4 15 13 10 10 12 8 1 -4 -5 -8 -13 -18 -19 -19 -18 -17 -14 -15 -14 -14 -15 -21 -22 -23 -24 -25 -27 -30 -31 -29 -35 -32 -27 -29 -30 -36 -47 -44 -34 -33 -27 -20 -13 -7 -19 -32 -23 -6 8 13 9 -18 -18 2 16 3 -17 -10 -9999 -54 -71 -65 -11 -20 -9999 7 -7 3 1 7 31 45 36 54 56 35 30 25 23 2 -5 -9 -9999 -9999 -18 -12 0 1 37 -5 -10 -3 -14 -21
2 -3 4 4 13 18 12 10 7 -0 -5 -10 -14 -16 -17 -16 -17 -17 -16 -15 -16 -15 -15 -18 -18 -22 -20 -23 -26 -21 -24 -25 -27 -30 -32 -32 -27 -35 -38 -36 -27 -24 -19 -13 -7 -14 -28 -30 -27 -14 0 -6 -9 -5 -14 -3 5 -11 -13 -9999 -52 7 -23 -22 -24 -9999 -9999 -9999 39 20 48 5 15 45 18 53 45 29 28 33 32 27 3 -19 -9999 -8 -31 -14 14 14 10 29 37 18 28 -0
7 0 -1 1 6 -2 -10 -8 2 3 -8 -10 -12 -16 -17 -16 -19 -19 -17 -15 -16 -14 -18 -20 -18 -19 -17 -20 -20 -17 -20 -22 -20 -25 -23 -21 -16 -27 -30 -29 -29 -22 -15 -14 -19 -31 -37 -33 -32 -27 -25 -20 -22 9 11 -2 3 -3 7 -9999 -20 -20 2 -23 -16 -45 -9999 -9999 -9999 45 -9999 74 84 91 85 -9999 85 74 37 37 21 33 11 -2 -34 2 30 13 15 19 51 43 4 15 9 2
9 -0 -1 -2 -5 -12 -14 -11 -12 -9 -9 -12 -13 -14 -18 -15 -12 -14 -14 -15 -16 -21 -19 -18 -19 -19 -20 -21 -18 -19 -18 -17 -19 -21 -14 -12 -14 -20 -26 -29 -36 -20 -18 -12 -19 -28 -34 -35 -34 -37 -32 -24 -3 5 -5 -8 -9 -6 8 -34 -20 -19 -3 -7 -14 -54 -16 -7 -9999 -9999 -9999 -9999 -9999 -9999 -9999 -9999 -9999 -9999 -9999 -10 6 -2 20 5 8 -3 -9999 43 50 8 34 11 -9 10 6 -20
8 1 -2 -5 -9 -11 -13 -13 -16 -16 -15 -13 -16 -14 -13 -12 -15 -23 -25 -21 -22 -21 -20 -19 -19 -20 -20 -18 -17 -15 -11 -11 -12 -12 -7 -8 -12 -15 -24 -27 -34 -36 -42 -41 -23 -20 -25 -32 -32 -32 -26 2 7 26 -6 -15 10 39 12 23 -8 -25 -42 -50 -48 -22 6 1 -9999 -9999 -9999 -9999 -9999 -9999 -9999 -9999 -9999 -9999 -11 -15 7 12 24 20 12 4 -9999 18 -9999 -9999 30 17 23 32 12 -13
8 1 -2 -10 -13 -14 -11 -15 -17 -17 -17 -18 -15 -16 -20 -18 -24 -30 -32 -33 -30 -27 -22 -20 -18 -16 -18 -17 -15 -14 -16 -13 -10 -13 -8 -9 -5 -5 -10 -12 -19 -28 -23 -19 -14 -9 -28 -24 -20 -18 -18 -16 15 -9999 -12 14 14 -9999 -9999 -9999 20 62 40 15 -8 -29 -18 -43 -68 -43 -28 -11 -9999 -9999 -9999 -9999 -9999 -9999 64 41 15 17 29 32 13 4 -9999 -24 -9999 -9999 -9999 -9999 -9999 23 0 36
-6 -20 -14 -8 -7 -13 -17 -19 -16 -21 -20 -21 -21 -20 -19 -21 -24 -29 -28 -31 -26 -22 -25 -29 -23 -28 -24 -18 -13 -20 -24 -18 -20 -19 -17 -13 -11 -20 -22 -16 -12 -15 -22 -19 -4 -15 -19 -14 -14 -13 -8 -7 -9 -9999 -9999 33 -2 -9999 -9999 -9999 -9999 -9999 -9999 -9999 -29 -18 -20 -15 -3 21 -9999 -9999 -9999 -9999 17 24 26 -9999 -9999 39 39 23 34 33 18 16 -12 -9999 -33 -9999 -9999 -9999 -9999 -9999 -9999 -9999
-14 -21 -27 -29 -27 -28 -21 -13 -21 -24 -25 -25 -25 -25 -22 -26 -28 -30 -27 -29 -34 -26 -28 -26 -24 -23 -21 -18 -13 -13 -20 -18 -17 -14 -13 -10 -11 -13 -18 -21 -19 -10 -10 -9 -4 4 -4 3 6 -7 2 -4 -9999 -47 8 -9999 -9999 -9999 -70 -9999 -60 -9999 -9999 -9999 -72 -43 -25 -19 11 -9999 -9999 -9999 -9999 -9999 -9999 -9999 -9999 -9999 -9999 72 59 22 34 38 23 17 18 12 -18 -9999 -9999 -9999 -9999 -47 -23 -28
-15 -19 -21 -27 -31 -31 -33 -28 -28 -21 -24 -28 -30 -28 -28 -30 -34 -35 -35 -34 -31 -29 -21 -19 -18 -15 -15 -20 -18 -15 -12 -5 -5 -7 -12 -14 -14 -13 -10 -8 -14 -15 -8 -7 11 1 -3 5 5 1 3 -5 -12 14 -7 -9999 -9999 -44 -38 -43 -36 -9999 -43 -9999 -50 -31 -29 -26 -23 -9999 -9999 -9999 -9999 -9999 -9999 -9999 -9999 -9999 -9999 -9999 18 18 28 31 35 20 18 17 3 -34 -9999 -9999 -58 -30 -16 -9
-13 -17 -21 -28 -29 -29 -29 -26 -24 -28 -27 -33 -30 -32 -29 -32 -34 -31 -31 -29 -24 -22 -15 -11 -8 -7 -9 -10 -15 -11 -9 -14 -8 -11 -8 -6 -7 -6 -5 -5 -5 -10 -9 -2 -4 -4 -6 3 2 2 -13 -12 -10 -7 -9999 -9999 -9999 -12 -17 -15 -23 -9999 -10 -46 -9999 -19 -20 -7 -42 -9999 -9999 -80 -62 -9999 -9999 -9999 -9999 -9999 -9999 -9999 32 38 30 38 34 6 4 14 -6 4 -5 -9999 -8 -2 -9999 -5
-12 -15 -22 -24 -27 -28 -25 -25 -23 -29 -34 -33 -31 -32 -33 -30 -30 -27 -28 -29 -19 -15 -15 -16 -9 1 -2 -1 -1 -7 -11 -17 -14 -9 -2 -4 -3 -5 4 5 5 -0 -9 -0 -1 1 4 1 2 -4 -29 -11 -20 -33 -61 -9999 -9999 -40 -21 -8 -11 -61 -34 -9 -11 -8 -11 -9 -33 -56 -25 -2 -1 -9999 -9999 -9999 -9999 -9999 -9999 -9999 -9999 37 8 8 23 -2 -18 -11 10 18 -9999 -9999 -9999 12 -21 -14
8 -10 -15 -18 -21 -19 -19 -22 -28 -32 -30 -33 -30 -25 -23 -22 -23 -21 -24 -24 -23 -17 -21 -20 -19 -16 -12 -7 -6 -2 -3 -8 -12 -10 -6 -2 1 -3 -1 8 11 9 -1 -2 -5 -3 -5 -15 -13 -10 -5 -31 -10 -5 -37 -44 -30 -9999 -29 -44 -21 -20 -9999 3 -9999 0 -14 -11 -11 2 -21 -7 -12 -9999 -9999 -9999 -9999 -9999 -9999 -9999 -9999 7 24 6 12 6 -25 -3 -9999 -11 -6 -7 2 19 25 4
