reca/docs/data/PA5_1997_2017_CPRISTINE_S30kmFill_U.asc
ncols 813
nrows 670
xllcorner 112.925
yllcorner -43.575
cellsize 0.05
NODATA_value -9999.0
[rows 192 to 239 of 670, columns 96 to 191 of 813]
-9999 -9999 -9999 -9999 -9999 -9999 -9999 -9999 -9999 -9999 -9999 -9999 -9999 -9999 -9999 -9999 -9999 -9999 -9999 -9999 -9999 -9999 -9999 -9999 -9999 -9999 -9999 -9999 -9999 -9999 -9999 -9999 -9999 -9999 -9999 -9999 -9999 -9999 -9999 -9999 -9999 -9999 -9999 -9999 -9999 -9999 -9999 -9999 -9999 -9999 -9999 -9999 -9999 -9999 -9999 -9999 -9999 -9999 -9999 -9999 -9999 -9999 -125 -101 -64 -41 5 -3 23 7 -9 -24 -25 -36 -34 -33 -33 -18 17 10 20 26 27 17 -10 -13 10 10 12 6 1 -5 -23 -22 -16 -9
-9999 -9999 -9999 -9999 -9999 -9999 -9999 -9999 -9999 -9999 -9999 -9999 -9999 -9999 -9999 -9999 -9999 -9999 -9999 -9999 -9999 -9999 -9999 -9999 -9999 -9999 -9999 -9999 -9999 -9999 -9999 -9999 -9999 -9999 -9999 -9999 -9999 -9999 -9999 -9999 -9999 -9999 -9999 -9999 -9999 -9999 -9999 -9999 -9999 -9999 -9999 -9999 -9999 -9999 -9999 -9999 -9999 -9999 -9999 -161 -131 -106 -122 -38 -34 -7 -39 -36 -1 10 -16 -10 -10 -7 -15 -23 -29 -32 -44 -46 -26 17 20 -11 -3 -27 -20 -28 13 16 3 -4 -10 -16 -12 -11
-9999 -9999 -9999 -9999 -9999 -9999 -9999 -9999 -9999 -9999 -9999 -9999 -9999 -9999 -9999 -9999 -9999 -9999 -9999 -9999 -9999 -9999 -9999 -9999 -9999 -9999 -9999 -9999 -9999 -9999 -9999 -9999 -9999 -9999 -9999 -9999 -9999 -9999 -9999 -9999 -9999 -9999 -9999 -9999 -9999 -9999 -9999 -9999 -9999 -9999 -9999 -9999 -9999 -9999 -9999 -9999 -9999 -144 -140 -134 -131 -116 -115 -86 -112 -101 -88 -69 -50 -24 -14 -13 -30 -32 -37 -30 -17 -10 -18 -26 -30 -37 -26 -25 -11 -0 -6 -20 -23 -25 -26 -18 -18 -30 -31 -27
-9999 -9999 -9999 -9999 -9999 -9999 -9999 -9999 -9999 -9999 -9999 -9999 -9999 -9999 -9999 -9999 -9999 -9999 -9999 -9999 -9999 -9999 -9999 -9999 -9999 -9999 -9999 -9999 -9999 -9999 -9999 -9999 -9999 -9999 -9999 -9999 -9999 -9999 -9999 -9999 -9999 -9999 -9999 -9999 -9999 -9999 -9999 -9999 -9999 -9999 -9999 -9999 -9999 -9999 -155 -175 -167 -118 -114 -93 -97 -78 -85 -90 -78 -74 -66 -46 -44 -65 -64 -40 -29 -46 -48 -41 -37 -31 -25 -20 -11 -8 -21 -26 -29 -20 -10 -4 -2 -9 -22 -16 -19 -21 -20 -22
-9999 -9999 -9999 -9999 -9999 -9999 -9999 -9999 -9999 -9999 -9999 -9999 -9999 -9999 -9999 -9999 -9999 -9999 -9999 -9999 -9999 -9999 -9999 -9999 -9999 -9999 -9999 -9999 -9999 -9999 -9999 -9999 -9999 -9999 -9999 -9999 -9999 -9999 -9999 -9999 -9999 -9999 -9999 -9999 -9999 -9999 -9999 -9999 -9999 -9999 -9999 -147 -147 -162 -127 -99 -90 -90 -46 -51 -88 -53 -41 -49 -42 -51 -53 -49 -36 -32 -48 -37 -29 -25 -11 -14 -12 -8 -2 -4 -27 -4 -15 -15 -0 0 2 0 -2 -5 -10 -16 -16 -13 -14 -14
-9999 -9999 -9999 -9999 -9999 -9999 -9999 -9999 -9999 -9999 -9999 -9999 -9999 -9999 -9999 -9999 -9999 -9999 -9999 -9999 -9999 -9999 -9999 -9999 -9999 -9999 -9999 -9999 -9999 -9999 -9999 -9999 -9999 -9999 -9999 -9999 -9999 -9999 -9999 -9999 -9999 -9999 -9999 -9999 -9999 -9999 -142 -159 -186 -173 -156 -143 -133 -115 -93 -76 -55 -65 -71 -71 -63 -36 -1 2 -19 -30 -34 -27 -45 -19 -35 -18 -23 -20 -32 -22 2 8 14 -7 -12 -17 -17 -18 -10 -3 4 10 12 10 -1 -13 -17 -14 -12 -14
-9999 -9999 -9999 -9999 -9999 -9999 -9999 -9999 -9999 -9999 -9999 -9999 -9999 -9999 -9999 -9999 -9999 -9999 -9999 -9999 -9999 -9999 -9999 -9999 -9999 -9999 -9999 -216 -211 -192 -182 -9999 -9999 -9999 -9999 -9999 -9999 -9999 -9999 -9999 -120 -159 -161 -170 -161 -157 -131 -99 -100 -98 -97 -97 -98 -82 -80 -76 -54 -42 -38 -31 -26 -39 -36 -12 -40 -3 -4 -15 -10 -15 -43 -41 -17 -23 -24 -20 -12 -19 -20 -10 -1 -4 -11 -8 -11 -10 -6 -5 1 -4 -7 -14 -14 -10 -8 -13
-9999 -9999 -9999 -9999 -9999 -9999 -9999 -9999 -9999 -9999 -9999 -9999 -9999 -9999 -9999 -9999 -9999 -9999 -9999 -9999 -9999 -9999 -9999 -9999 -9999 -154 -154 -131 -120 -117 -149 -170 -184 -186 -169 -9999 -9999 -9999 -117 -86 -76 -93 -97 -99 -95 -89 -74 -91 -50 -76 -68 -68 -71 -75 -77 -66 -33 -42 -4 -9 -10 -12 -23 -42 -44 -28 -33 -8 -33 -21 -31 -13 -20 -18 -11 -20 -20 -29 -33 -23 -20 -10 -9 -7 -13 -11 -10 -6 -5 -12 -25 -12 -15 -19 -17 -17
-9999 -9999 -9999 -9999 -9999 -9999 -9999 -9999 -9999 -9999 -9999 -9999 -9999 -9999 -9999 -9999 -9999 -9999 -9999 -9999 -9999 -9999 -9999 -9999 -9999 -121 -134 -122 -111 -104 -100 -90 -77 -85 -124 -157 -129 -133 -126 -102 -88 -68 -68 -55 -55 -41 -54 -67 -36 -36 -40 -44 -30 -31 -15 -31 -24 -29 -13 -20 22 27 20 9 -5 -1 -3 -10 -21 -14 -14 -1 3 -5 3 -9 -10 -17 -23 -18 -39 -45 -44 -44 -47 -48 -36 -6 -0 -35 -33 -6 -7 -12 -12 -19
-9999 -9999 -9999 -9999 -9999 -9999 -9999 -9999 -9999 -9999 -9999 -9999 -9999 -9999 -9999 -9999 -9999 -9999 -9999 -9999 -9999 -9999 -9999 -9999 -131 -130 -83 -76 -78 -77 -68 -65 -61 -84 -92 -47 -60 -61 -77 -47 -39 -29 -70 -31 -45 -29 -56 -34 -24 18 7 -10 -6 -9 -11 13 8 -29 -8 13 -44 -43 -63 -8 15 17 8 6 -0 1 5 -7 -14 -13 -11 -16 -10 -20 -22 -13 -22 -28 -33 -32 -36 -34 -28 -34 -37 -24 -24 -18 -7 -7 -0 -6
-9999 -9999 -9999 -9999 -9999 -9999 -9999 -9999 -9999 -9999 -9999 -9999 -9999 -9999 -9999 -9999 -9999 -9999 -9999 -9999 -9999 -9999 -9999 -152 -96 -70 -43 -33 -32 -59 -51 -52 -54 -36 -39 -41 -64 -35 -28 -32 -41 -47 -67 -38 -29 -19 13 -34 8 15 31 22 22 15 -26 -10 35 -15 -3 13 -2 -32 -37 -16 -42 -34 7 7 2 11 17 24 23 18 7 -6 -7 -10 -6 -1 -8 -16 -19 -21 -21 -26 -20 -14 -28 -28 -16 -14 -14 -30 -24 -2
-9999 -9999 -9999 -9999 -9999 -9999 -9999 -9999 -9999 -9999 -9999 -9999 -9999 -9999 -9999 -9999 -9999 -9999 -9999 -9999 -9999 -9999 -122 -111 -66 -44 -36 -62 -65 -15 -5 -10 -22 -50 -26 -31 -33 -39 -17 -19 0 -3 -9 -35 -44 -16 -7 -34 -6 12 27 -36 -27 -37 -0 -30 18 -5 -21 17 23 -7 -10 0 -12 -17 4 21 4 30 9 -27 -27 -39 -26 -20 5 7 3 -1 -1 0 -4 -5 -9 -16 -22 -17 -20 -21 -23 -12 -10 -25 -16 -25
-9999 -9999 -9999 -9999 -9999 -9999 -9999 -9999 -9999 -9999 -9999 -9999 -9999 -9999 -9999 -9999 -9999 -9999 -9999 -9999 -9999 -129 -94 -50 -42 -38 -46 -58 -24 -27 -26 -11 -10 -26 -6 -2 2 6 7 9 -0 15 -5 -11 -9 -9 1 -33 -15 28 7 -24 10 -21 3 -17 -22 -0 -12 -15 26 13 4 10 15 14 12 15 -7 -12 -35 -40 -23 -25 -26 -24 -20 -5 10 4 1 9 9 4 -2 -4 -9 -9 -9 -10 -16 -14 -19 -12 -22 -23
-9999 -9999 -9999 -9999 -9999 -9999 -9999 -9999 -9999 -9999 -9999 -9999 -9999 -9999 -9999 -205 -9999 -197 -180 -172 -169 -132 -72 -31 -19 -58 -47 -47 -25 -36 -34 -36 -27 -23 -12 -12 11 4 -0 1 -2 8 16 15 -18 -21 -3 -8 20 -5 -15 5 20 -8 2 -7 -1 13 14 6 1 13 11 11 16 39 44 18 13 -16 -25 -31 -27 -28 -25 -30 -34 -38 -7 -23 -36 -27 12 5 2 1 -2 5 2 3 8 3 -8 -15 -14 -13
-9999 -9999 -9999 -9999 -9999 -9999 -9999 -9999 -9999 -9999 -215 -9999 -9999 -201 -204 -188 -165 -124 -115 -83 -76 -53 -44 -69 -50 -18 -32 -20 -18 -22 -22 -28 -36 -33 -30 -55 -58 -29 1 -15 -33 -39 -26 -10 15 4 4 9 32 -4 11 8 -0 5 8 4 11 22 21 19 10 25 24 22 -5 3 -12 -35 14 16 -13 -21 -19 -22 -31 -31 -29 -38 -35 -43 -28 -15 7 15 13 2 -12 -20 -23 -22 -17 -32 -28 -21 -4 2
-9999 -9999 -9999 -9999 -9999 -9999 -9999 -214 -201 -209 -190 -171 -168 -152 -135 -116 -78 -79 -76 -73 -49 -40 -50 -41 -35 -19 12 -1 3 1 -9 -21 -27 -34 -40 -38 -42 -60 -20 -41 -34 -18 -18 -4 -1 18 11 15 31 33 37 38 34 29 30 32 36 37 25 24 21 46 9 5 17 -24 -22 -22 -21 -19 -18 -13 -9 -17 -26 -30 -22 -19 -32 -40 -42 -38 -24 -15 -9 3 -4 -9 -13 -14 -14 -13 -15 -21 -4 13
-9999 -9999 -9999 -9999 -9999 -149 -163 -145 -129 -103 -86 -116 -95 -94 -71 -71 -63 -60 -61 -51 -32 -51 -37 -15 -23 -2 -21 -2 -4 -6 -14 -16 -23 -24 -23 -27 -35 -43 -52 -45 -33 -44 -37 0 -29 -5 -6 23 19 19 25 15 40 39 46 56 45 45 46 47 45 42 15 -16 -10 -12 -13 -6 -5 -5 -3 -2 -4 -8 -14 -21 -17 -22 -19 -26 -29 -30 -23 -29 -33 -20 -9 -4 -2 -2 -4 -4 -10 -13 -15 -1
-9999 -9999 -9999 -9999 -9999 -106 -113 -101 -79 -54 -58 -56 -54 -59 -62 -44 -61 -54 -52 -14 -27 -36 -40 -21 -36 -28 -38 -9 -6 -11 -10 -11 -14 -12 -13 -13 -16 -24 -30 -26 -33 -37 -35 -25 -19 -6 -30 -28 20 17 5 0 8 13 -1 25 24 60 47 29 -5 -18 -2 -4 4 -1 2 6 6 8 9 7 2 -6 -1 -7 -17 -19 -21 -28 -29 -16 -26 -31 -15 -14 -11 -18 -21 -15 -8 -12 -5 -1 -1 -4
-9999 -9999 -9999 -9999 -130 -97 -46 -46 -49 -49 -53 -48 -28 1 -5 -10 -13 -5 -9 -19 -22 -28 -23 -26 -29 -28 -18 -1 4 6 7 6 1 5 1 12 8 1 -1 -4 -6 -13 -16 -19 -15 -16 -16 -19 -29 17 10 10 12 1 12 15 -7 -13 -20 -16 -5 10 9 7 13 16 22 21 22 23 23 21 14 13 0 -5 -9 -21 -19 -15 -25 -30 -46 -45 -47 -26 -8 -5 -3 -7 -11 -23 -23 -23 -17 -2
-9999 -9999 -115 -124 -76 -62 -41 -43 -18 -19 -24 5 12 8 7 -8 -6 -1 3 -12 -14 -13 -21 -16 -15 -22 -0 -11 2 1 21 23 10 19 23 22 32 29 25 25 19 18 12 11 8 6 3 -4 -12 -11 8 19 -42 -36 -1 -3 -31 -42 -15 3 16 18 16 26 39 39 43 42 31 22 29 23 19 15 5 -2 -2 -5 -17 -16 -17 -28 -47 -40 -39 -47 -25 -8 -11 -12 2 1 -2 -6 -12 -18
-9999 -9999 -92 -86 -38 -9 -4 -3 -9 6 10 7 8 -2 5 5 2 -2 -5 -1 6 -6 -10 -8 -12 -12 -5 -30 -14 -4 28 30 16 36 45 -6 39 57 50 48 43 38 21 -8 -3 12 23 19 15 5 2 -5 -25 -25 -30 -28 -31 -32 -51 -59 -32 5 18 28 33 -11 -12 37 37 37 28 24 19 19 13 4 -10 -2 -3 0 -8 -20 -36 -46 -46 -45 -42 -43 -44 -43 -37 -25 -26 -12 -6 -10
-130 -106 -103 -20 -4 -1 -2 -8 17 15 19 9 12 11 8 6 5 13 -3 -6 -0 -8 -2 -15 -1 8 -2 -12 -4 13 31 36 27 51 57 -0 1 52 67 54 57 48 4 -9 -11 -4 13 18 17 -9 3 8 16 11 4 -10 -9 -19 -21 -34 -41 -46 -13 1 -0 -12 -14 -38 -12 16 31 23 15 7 7 8 8 1 -27 -41 -14 -6 -21 -40 -42 -40 -30 -38 -45 -41 -40 -47 -42 -48 -26 -9
-45 -15 -55 -25 8 10 7 19 19 26 27 13 18 19 14 8 8 9 4 1 1 8 7 9 14 20 -13 1 10 22 36 39 42 63 41 36 18 65 77 50 53 16 4 -8 1 5 3 10 9 -15 -24 1 27 -1 2 -15 -11 -12 -11 -14 -24 -29 -28 -24 -1 -34 -30 -29 -28 -14 9 28 15 9 1 -6 11 -7 -33 -31 -25 -18 -22 -28 -30 -32 -35 -35 -35 -44 -43 -48 -41 -48 -43 -47
-31 -60 -23 -30 1 7 21 27 31 36 27 21 23 23 17 8 9 6 7 5 6 7 -5 19 11 -5 0 5 15 33 44 51 55 42 -1 -58 -49 -23 74 50 50 51 15 12 14 19 20 30 -2 -23 -8 -19 -5 -2 7 6 2 6 3 4 -8 -14 -18 -24 -33 -22 -40 -21 -29 -32 -11 21 22 14 12 12 3 -9 -28 -24 -29 -23 -21 -24 -27 -28 -33 -38 -33 -29 -35 -33 -38 -41 -40 -42
-26 -37 -21 -3 4 25 38 24 35 23 30 32 23 29 33 19 17 18 15 -6 -10 1 2 22 4 14 16 25 35 44 52 56 56 -35 -50 -50 -51 -33 -19 -41 -27 28 13 3 6 4 0 8 10 -7 -12 1 -8 -25 17 20 -1 -18 -6 17 7 -18 -16 -19 -33 -34 -28 -29 -26 -25 -21 12 24 20 11 8 -24 -29 -20 -20 -17 -19 -10 -16 -19 -23 -23 -26 -25 -26 -38 -35 -34 -29 -32 -30
-9 -10 -9 7 20 31 29 40 42 49 36 32 27 24 21 36 28 23 11 7 9 18 23 22 23 37 42 44 47 60 65 58 49 -29 -26 -31 -37 -11 -16 -29 -9 1 12 11 8 8 0 -13 -7 18 -6 -5 -2 -25 -22 -16 -23 -20 -1 25 18 -14 -15 -20 -18 -22 -19 -22 -22 -27 -17 -19 -25 -21 -16 -20 -25 -19 -19 -18 -9 -4 -10 -11 -12 -15 -17 -18 -18 -20 -27 -33 -27 -16 -20 -22
0 10 -12 12 2 30 -0 -6 55 27 34 32 31 34 36 42 43 27 19 19 26 33 35 27 12 33 35 43 47 66 53 50 33 -23 -18 -26 -25 -35 -29 -17 6 -4 14 7 -9 -1 -16 -22 -31 -14 -24 12 1 0 -13 -20 -17 -8 -7 7 26 -7 -10 -13 -23 -7 -13 -15 -18 -19 -27 -17 -22 -24 -36 -32 -19 -17 -14 -11 -12 -5 -8 -8 -12 -9 -13 -13 -15 -19 -19 -21 -20 -30 -39 -37
15 0 -16 -1 -13 10 11 -8 24 8 33 44 43 40 -2 0 2 24 28 24 23 24 23 20 4 39 44 62 69 55 -8 -37 -37 -25 -10 -16 -24 -28 -17 -11 5 4 8 -1 -4 -11 -23 -26 -25 -23 -20 8 -17 5 6 -11 -4 10 -13 -4 16 2 2 -17 -27 -7 6 -2 -20 -25 -33 -20 -22 -22 -37 -37 -24 -12 -7 -7 -7 -4 -0 -7 -5 -4 -7 -8 -9 -16 -17 -18 -19 -21 -25 -25
16 -5 -3 -2 -1 -9 -3 19 -14 7 -27 55 54 45 27 22 23 40 31 43 43 40 33 24 17 26 11 2 -11 -28 -27 -22 -18 9 -4 -6 -10 -10 -11 -2 12 1 -4 -6 -13 -5 -14 -18 -18 -23 -11 -12 -14 -11 -14 -16 -13 12 -18 -22 3 11 3 -11 -22 -19 1 -14 -11 -20 -20 -19 -21 -31 -31 -32 -21 -13 -4 -9 -12 -10 -14 -9 -6 -3 -2 -2 -5 -8 -15 -15 -16 -14 -17 -18
10 8 6 4 1 4 4 -21 -21 -25 -34 -7 -22 -17 29 29 36 39 -13 -2 34 30 44 34 11 -18 -19 -16 -3 -9 -15 1 -5 10 -5 7 3 5 1 -2 10 1 -7 -8 -10 -15 -13 -11 -10 -9 -8 1 4 -12 -12 -8 8 -22 -17 -29 -27 -10 7 2 -10 -27 -7 -2 -5 -14 -14 -18 -25 -25 -31 -29 -23 -18 -18 -11 -33 -32 -14 -6 0 0 1 2 -1 -5 -7 -10 -11 -12 -12 -12
16 15 17 18 13 11 -2 -20 -14 -14 -14 -4 -2 14 24 -4 9 -4 -4 1 26 24 19 2 -3 -2 -1 3 6 -1 -6 7 4 1 10 7 1 17 18 9 -6 0 1 -4 -0 -7 -4 -2 0 7 5 14 -3 -6 -0 -3 -14 -25 -14 -17 -24 -20 1 4 -12 -16 -21 -1 -14 -21 -14 -23 -31 -20 -29 -17 -27 -23 -16 -10 -19 -23 -12 -24 -16 0 -1 -2 -3 -6 -6 -7 -7 -9 -12 -19
1 10 10 25 22 11 -3 -3 -4 -12 -2 -9 3 -9 13 -5 -16 -1 -0 -2 -4 -6 13 8 18 12 6 7 12 4 6 11 15 19 18 12 5 10 4 -2 5 -13 -6 8 4 0 9 11 15 18 27 25 -3 -3 5 0 -23 -9 -19 -4 -7 -18 -5 5 -9 -2 -16 -7 -14 -20 -13 -25 -26 -34 -32 -35 -20 -14 -4 -0 -7 -1 -10 -20 -32 -19 -10 -21 -17 -13 -7 -8 -11 -15 -15 -14
7 22 17 11 2 -9 -21 -29 -28 -11 -1 2 -2 3 -2 -7 -10 -3 -5 -6 -2 -8 -2 -1 6 10 19 9 13 2 25 30 41 28 21 21 11 9 17 11 1 -14 -20 3 14 19 19 24 25 26 34 -23 -29 -9 12 -5 -11 -17 -22 -18 6 -7 -17 19 2 -8 -10 -14 -8 -12 -17 -21 -31 -33 -29 -28 -29 -12 -4 8 -5 -20 -17 -14 -14 -17 -21 -14 -13 -11 -10 -11 -8 -7 -8 -10
3 11 3 2 8 -4 -21 -21 -8 2 1 5 -8 -3 -5 -1 1 6 2 1 5 2 1 -2 7 13 28 17 8 20 30 38 -1 4 -2 29 17 18 23 27 13 7 1 -5 9 15 29 31 35 38 -12 -32 9 -12 -4 -13 -4 -6 -4 -15 -22 -12 -27 -1 0 -10 -1 -15 -13 -19 -27 -21 -27 -31 -27 -30 -31 -20 -7 -4 -4 -14 -13 -5 -5 -12 -18 -13 -13 -16 -12 -10 -7 -5 -4 -6
-7 4 -44 -11 12 -5 -14 2 4 -15 -1 4 5 4 -8 10 16 15 18 17 19 16 6 3 -3 7 16 25 23 29 32 10 -0 -1 -3 20 25 25 20 31 6 -5 -2 11 17 3 17 25 45 22 -19 -11 -7 -7 2 6 1 -8 10 4 -5 -18 -29 -18 -4 1 -2 -3 -20 -22 -26 -27 -23 -25 -26 -25 -30 -34 -22 -5 7 -10 -12 -15 -15 -12 -7 -5 -11 -8 -12 -5 -6 -4 -6 -5
-30 -24 -27 -24 -1 -4 6 -0 -24 -22 6 14 20 13 -3 -7 5 27 31 25 21 21 13 5 5 9 27 29 4 18 21 2 4 4 -0 4 -2 5 21 31 6 -0 14 22 10 17 6 5 -3 -23 -1 4 6 16 1 1 -3 -1 -0 2 2 -9 -23 -19 8 10 -10 -3 -14 -22 -25 -19 -16 -26 -22 -20 -23 -27 -35 -26 11 8 0 -10 -6 -9 -13 -7 -15 -13 -15 -9 -7 -3 -4 -3
-20 -17 -8 -11 -16 -10 13 -12 -27 -26 10 17 15 25 8 -6 4 1 -12 -18 -20 -7 -2 7 1 -23 -5 14 6 20 21 18 -5 -12 7 -5 9 1 9 20 2 6 13 11 15 20 -12 -6 -12 -11 -10 4 1 19 2 15 13 11 2 1 11 -7 -16 -20 10 17 -10 -13 -2 -19 -30 -27 -27 -26 -13 -17 -24 -27 -31 -36 -42 -15 -12 -17 -28 -19 -25 -19 -16 -9 -12 -12 -6 -3 -4 0
-4 4 -8 5 4 9 5 -22 -21 -21 13 22 28 20 -3 -12 26 2 7 -1 -11 -8 11 1 -7 -9 -21 11 15 14 -14 0 -22 -22 -9 -37 -31 -30 4 1 -1 1 15 11 21 3 -18 -6 0 12 -20 12 -18 9 8 -2 -6 4 0 9 8 2 -5 -8 -23 -8 1 -6 1 -15 -23 -20 -21 -26 -5 -7 -23 -25 -28 -35 -49 -44 -26 -29 -32 -30 -19 -23 -10 -3 -19 -5 -7 -10 -2 -1
-14 12 21 16 23 12 -6 -0 1 -2 -14 21 32 4 -4 -2 2 -4 9 -7 -12 -11 24 7 -7 -13 -20 3 7 -14 -13 -13 -22 -20 -22 -17 -16 -19 -9 -5 10 -0 11 9 14 -17 -3 1 -17 -16 -10 -4 25 22 13 11 -5 -8 3 0 -0 -2 -5 -6 -21 -24 -12 -2 -1 -8 -15 -20 -19 -23 -9 -0 -11 -17 -16 -22 -29 -37 -31 -29 -26 -28 -17 -8 -10 -22 -18 -13 -6 -11 -5 0
-7 24 20 21 22 24 9 1 -11 -5 3 16 6 -30 -28 -21 2 4 6 4 1 -8 -2 -2 2 -3 4 6 -3 3 -11 -7 -6 -8 -8 -1 -15 -18 -15 -10 3 6 15 10 -17 2 3 -3 -11 -3 10 11 3 11 9 11 -9 -23 -9 -20 13 -9 -1 -7 -6 -12 -8 -3 8 3 -12 -16 -17 -16 -16 5 -2 -10 -12 -13 -21 -24 -26 -20 -24 -16 -20 -6 -4 -18 -6 -7 -7 -6 -10 -12
8 10 21 29 22 17 2 15 3 -6 -16 -5 -13 -15 -12 -21 -19 -18 5 7 7 7 2 9 17 8 10 -17 -3 2 -6 -2 -1 -8 -8 -5 -16 -13 -16 -13 8 16 -6 -6 -6 -10 -26 2 2 2 24 19 13 11 9 -12 7 -7 -18 -25 0 -25 -8 -19 -6 1 8 -1 2 -4 -9 -17 -10 -11 -14 7 1 11 -6 -10 -14 -15 -18 -16 -12 -22 -7 -15 -25 -28 -5 -4 -1 -7 -6 -18
32 33 26 33 35 19 3 -1 24 5 -4 -10 -6 -10 -8 -19 -10 4 5 7 17 15 12 8 25 26 -6 -28 2 -5 -1 0 -2 -4 -13 -11 -12 -16 -12 -5 21 9 -1 7 -4 -12 -11 -5 0 4 -5 1 0 -7 1 -1 -6 -9 -19 -12 -10 -7 -5 -3 1 10 8 0 2 6 -6 -22 -18 -11 -22 -33 -49 9 18 7 -0 -9 -10 -11 -15 -18 -10 -23 -30 -23 -5 -8 -10 -10 -8 -13
3 -10 -4 37 34 29 11 -31 -31 -6 -1 -1 5 4 -7 -2 -3 1 9 -4 -1 20 20 18 21 3 -4 -9 -6 -7 -0 5 8 3 -11 -16 -16 -14 -6 -11 6 1 5 -9 -7 -16 -13 -3 -1 -2 -2 -8 -6 -11 -8 -17 -13 -13 -5 1 7 6 10 9 10 9 2 -8 -12 -7 -1 -13 -20 -11 -14 -29 -42 -44 -7 -22 5 -3 -18 -12 -14 -7 -20 -25 -26 -28 -11 -8 -11 -14 -9 -12
26 25 10 -8 -21 18 -7 -16 -19 3 13 6 8 4 3 9 -1 -4 13 -2 -20 12 25 20 6 6 11 7 -4 -8 4 5 9 4 -4 -10 -10 -9 -13 -2 7 0 2 8 -6 -1 -3 -1 2 5 5 -0 3 1 7 0 5 5 8 7 6 9 9 4 9 -4 -3 -5 -2 -8 -8 -8 -25 -16 -8 -33 -22 -24 -41 -36 -11 4 -0 -23 -18 -9 -18 -18 -20 -26 -21 -6 -10 -15 -16 -9
29 12 31 27 5 -14 -18 -19 -10 -2 -5 10 22 6 20 17 7 12 15 -8 -20 4 33 12 28 22 21 19 5 -11 -4 16 14 13 10 7 8 0 -8 -9 -13 16 13 7 -6 9 8 9 -3 3 15 1 9 8 2 11 14 10 18 14 10 8 13 16 13 -3 -3 -2 8 5 -17 -24 -28 -23 -25 -27 -33 -29 -36 -27 -24 -6 4 1 -6 -16 -18 -23 -20 -21 -24 -20 -16 -20 -20 -8
2 2 -10 1 19 8 -6 11 4 4 11 17 25 9 11 18 19 24 21 1 -11 5 27 7 14 36 31 19 20 6 4 14 4 15 7 25 23 15 1 -2 -12 -4 -40 -44 -38 -13 -15 -2 9 4 9 8 -5 -9 11 9 18 9 4 24 17 17 16 -8 -3 -2 -3 8 8 -5 -10 -18 -28 -18 -19 -26 -27 -25 -27 -15 -32 -26 -23 5 11 -10 -15 -22 -20 -18 -19 -15 -16 -14 -18 -19
-64 -60 -63 -62 6 18 8 11 15 24 26 29 25 23 24 18 -1 7 16 4 2 -0 -3 -17 -11 13 11 7 10 4 12 22 9 20 23 10 10 12 10 4 4 -11 -37 -22 -24 -18 -13 6 -5 -4 -10 -16 7 5 17 19 2 8 1 3 25 17 12 -10 -5 -3 2 -0 2 -5 -8 -23 -27 -29 -15 -27 -22 -18 -28 -17 -37 -21 -3 -7 -12 -5 -13 -16 -9 -10 -8 -11 -13 -12 -17 -20
-47 -41 -43 -50 -0 32 28 28 29 20 24 33 15 22 28 22 20 9 10 15 12 5 2 -1 -5 -0 -5 -8 12 -8 12 14 29 33 30 29 13 25 20 15 -25 -29 -16 -16 -6 6 2 -4 -4 -1 8 3 20 20 27 13 15 10 11 -22 24 -13 7 -5 2 -3 3 7 6 -5 -13 -16 -15 -31 -13 -28 -23 -28 -25 -16 -28 -22 9 -14 6 -6 1 -5 -8 -1 -7 -13 -15 -17 -19 -18
